# TITLE= "sv.vz.dat"
# Coord_Sys CYLIND
3.5000e+08 3.5000e+08 0.00e+00  -2   0   0
3.5000e+08 8.0805e+08 0.00e+00  -1   0   1
3.5000e+08 1.0575e+09 0.00e+00  -1   0   2
3.5000e+08 1.3840e+09 0.00e+00  -1   0   3
3.5000e+08 1.8113e+09 0.00e+00  -1   0   4
3.5000e+08 2.3705e+09 0.00e+00  -1   0   5
3.5000e+08 3.1023e+09 0.00e+00  -1   0   6
3.5000e+08 4.0600e+09 0.00e+00  -1   0   7
3.5000e+08 5.3135e+09 0.00e+00  -1   0   8
3.5000e+08 6.9539e+09 0.00e+00  -1   0   9
3.5000e+08 9.1007e+09 0.00e+00  -1   0  10
3.5000e+08 1.1910e+10 0.00e+00  -1   0  11
3.5000e+08 1.5587e+10 0.00e+00  -1   0  12
3.5000e+08 2.0399e+10 0.00e+00  -1   0  13
3.5000e+08 2.6697e+10 0.00e+00  -1   0  14
3.5000e+08 3.4939e+10 0.00e+00  -1   0  15
3.5000e+08 4.5726e+10 0.00e+00  -1   0  16
3.5000e+08 5.9843e+10 0.00e+00  -1   0  17
3.5000e+08 7.8318e+10 0.00e+00  -1   0  18
3.5000e+08 1.0250e+11 0.00e+00  -1   0  19
3.5000e+08 1.3414e+11 0.00e+00  -1   0  20
3.5000e+08 1.7555e+11 0.00e+00  -1   0  21
3.5000e+08 2.2975e+11 0.00e+00  -1   0  22
3.5000e+08 3.0068e+11 0.00e+00  -1   0  23
3.5000e+08 3.9350e+11 0.00e+00  -1   0  24
3.5000e+08 5.1499e+11 0.00e+00  -1   0  25
3.5000e+08 6.7398e+11 0.00e+00  -1   0  26
3.5000e+08 8.8205e+11 0.00e+00  -1   0  27
3.5000e+08 1.1544e+12 0.00e+00  -1   0  28
3.5000e+08 1.5107e+12 0.00e+00  -1   0  29
8.0805e+08 3.5000e+08 5.64e+05   1   1   0
8.0805e+08 8.0805e+08 0.00e+00  -1   1   1
8.0805e+08 1.0575e+09 0.00e+00  -1   1   2
8.0805e+08 1.3840e+09 0.00e+00  -1   1   3
8.0805e+08 1.8113e+09 0.00e+00  -1   1   4
8.0805e+08 2.3705e+09 0.00e+00  -1   1   5
8.0805e+08 3.1023e+09 0.00e+00  -1   1   6
8.0805e+08 4.0600e+09 0.00e+00  -1   1   7
8.0805e+08 5.3135e+09 0.00e+00  -1   1   8
8.0805e+08 6.9539e+09 0.00e+00  -1   1   9
8.0805e+08 9.1007e+09 0.00e+00  -1   1  10
8.0805e+08 1.1910e+10 0.00e+00  -1   1  11
8.0805e+08 1.5587e+10 0.00e+00  -1   1  12
8.0805e+08 2.0399e+10 0.00e+00  -1   1  13
8.0805e+08 2.6697e+10 0.00e+00  -1   1  14
8.0805e+08 3.4939e+10 0.00e+00  -1   1  15
8.0805e+08 4.5726e+10 0.00e+00  -1   1  16
8.0805e+08 5.9843e+10 0.00e+00  -1   1  17
8.0805e+08 7.8318e+10 0.00e+00  -1   1  18
8.0805e+08 1.0250e+11 0.00e+00  -1   1  19
8.0805e+08 1.3414e+11 0.00e+00  -1   1  20
8.0805e+08 1.7555e+11 0.00e+00  -1   1  21
8.0805e+08 2.2975e+11 0.00e+00  -1   1  22
8.0805e+08 3.0068e+11 0.00e+00  -1   1  23
8.0805e+08 3.9350e+11 0.00e+00  -1   1  24
8.0805e+08 5.1499e+11 0.00e+00  -1   1  25
8.0805e+08 6.7398e+11 0.00e+00  -1   1  26
8.0805e+08 8.8205e+11 0.00e+00  -1   1  27
8.0805e+08 1.1544e+12 0.00e+00  -1   1  28
8.0805e+08 1.5107e+12 0.00e+00  -1   1  29
1.0575e+09 3.5000e+08 5.62e+05   1   2   0
1.0575e+09 8.0805e+08 2.27e+06   1   2   1
1.0575e+09 1.0575e+09 3.10e+06   1   2   2
1.0575e+09 1.3840e+09 4.35e+06   1   2   3
1.0575e+09 1.8113e+09 0.00e+00  -1   2   4
1.0575e+09 2.3705e+09 0.00e+00  -1   2   5
1.0575e+09 3.1023e+09 0.00e+00  -1   2   6
1.0575e+09 4.0600e+09 0.00e+00  -1   2   7
1.0575e+09 5.3135e+09 0.00e+00  -1   2   8
1.0575e+09 6.9539e+09 0.00e+00  -1   2   9
1.0575e+09 9.1007e+09 0.00e+00  -1   2  10
1.0575e+09 1.1910e+10 0.00e+00  -1   2  11
1.0575e+09 1.5587e+10 0.00e+00  -1   2  12
1.0575e+09 2.0399e+10 0.00e+00  -1   2  13
1.0575e+09 2.6697e+10 0.00e+00  -1   2  14
1.0575e+09 3.4939e+10 0.00e+00  -1   2  15
1.0575e+09 4.5726e+10 0.00e+00  -1   2  16
1.0575e+09 5.9843e+10 0.00e+00  -1   2  17
1.0575e+09 7.8318e+10 0.00e+00  -1   2  18
1.0575e+09 1.0250e+11 0.00e+00  -1   2  19
1.0575e+09 1.3414e+11 0.00e+00  -1   2  20
1.0575e+09 1.7555e+11 0.00e+00  -1   2  21
1.0575e+09 2.2975e+11 0.00e+00  -1   2  22
1.0575e+09 3.0068e+11 0.00e+00  -1   2  23
1.0575e+09 3.9350e+11 0.00e+00  -1   2  24
1.0575e+09 5.1499e+11 0.00e+00  -1   2  25
1.0575e+09 6.7398e+11 0.00e+00  -1   2  26
1.0575e+09 8.8205e+11 0.00e+00  -1   2  27
1.0575e+09 1.1544e+12 0.00e+00  -1   2  28
1.0575e+09 1.5107e+12 0.00e+00  -1   2  29
1.3840e+09 3.5000e+08 5.60e+05   0   3   0
1.3840e+09 8.0805e+08 2.03e+06   0   3   1
1.3840e+09 1.0575e+09 2.86e+06   0   3   2
1.3840e+09 1.3840e+09 4.22e+06   1   3   3
1.3840e+09 1.8113e+09 6.25e+06   1   3   4
1.3840e+09 2.3705e+09 9.02e+06   1   3   5
1.3840e+09 3.1023e+09 0.00e+00  -1   3   6
1.3840e+09 4.0600e+09 0.00e+00  -1   3   7
1.3840e+09 5.3135e+09 0.00e+00  -1   3   8
1.3840e+09 6.9539e+09 0.00e+00  -1   3   9
1.3840e+09 9.1007e+09 0.00e+00  -1   3  10
1.3840e+09 1.1910e+10 0.00e+00  -1   3  11
1.3840e+09 1.5587e+10 0.00e+00  -1   3  12
1.3840e+09 2.0399e+10 0.00e+00  -1   3  13
1.3840e+09 2.6697e+10 0.00e+00  -1   3  14
1.3840e+09 3.4939e+10 0.00e+00  -1   3  15
1.3840e+09 4.5726e+10 0.00e+00  -1   3  16
1.3840e+09 5.9843e+10 0.00e+00  -1   3  17
1.3840e+09 7.8318e+10 0.00e+00  -1   3  18
1.3840e+09 1.0250e+11 0.00e+00  -1   3  19
1.3840e+09 1.3414e+11 0.00e+00  -1   3  20
1.3840e+09 1.7555e+11 0.00e+00  -1   3  21
1.3840e+09 2.2975e+11 0.00e+00  -1   3  22
1.3840e+09 3.0068e+11 0.00e+00  -1   3  23
1.3840e+09 3.9350e+11 0.00e+00  -1   3  24
1.3840e+09 5.1499e+11 0.00e+00  -1   3  25
1.3840e+09 6.7398e+11 0.00e+00  -1   3  26
1.3840e+09 8.8205e+11 0.00e+00  -1   3  27
1.3840e+09 1.1544e+12 0.00e+00  -1   3  28
1.3840e+09 1.5107e+12 0.00e+00  -1   3  29
1.8113e+09 3.5000e+08 5.58e+05   0   4   0
1.8113e+09 8.0805e+08 1.81e+06   0   4   1
1.8113e+09 1.0575e+09 2.50e+06   0   4   2
1.8113e+09 1.3840e+09 3.59e+06   0   4   3
1.8113e+09 1.8113e+09 5.38e+06   0   4   4
1.8113e+09 2.3705e+09 8.47e+06   1   4   5
1.8113e+09 3.1023e+09 1.32e+07   1   4   6
1.8113e+09 4.0600e+09 1.93e+07   1   4   7
1.8113e+09 5.3135e+09 0.00e+00  -1   4   8
1.8113e+09 6.9539e+09 0.00e+00  -1   4   9
1.8113e+09 9.1007e+09 0.00e+00  -1   4  10
1.8113e+09 1.1910e+10 0.00e+00  -1   4  11
1.8113e+09 1.5587e+10 0.00e+00  -1   4  12
1.8113e+09 2.0399e+10 0.00e+00  -1   4  13
1.8113e+09 2.6697e+10 0.00e+00  -1   4  14
1.8113e+09 3.4939e+10 0.00e+00  -1   4  15
1.8113e+09 4.5726e+10 0.00e+00  -1   4  16
1.8113e+09 5.9843e+10 0.00e+00  -1   4  17
1.8113e+09 7.8318e+10 0.00e+00  -1   4  18
1.8113e+09 1.0250e+11 0.00e+00  -1   4  19
1.8113e+09 1.3414e+11 0.00e+00  -1   4  20
1.8113e+09 1.7555e+11 0.00e+00  -1   4  21
1.8113e+09 2.2975e+11 0.00e+00  -1   4  22
1.8113e+09 3.0068e+11 0.00e+00  -1   4  23
1.8113e+09 3.9350e+11 0.00e+00  -1   4  24
1.8113e+09 5.1499e+11 0.00e+00  -1   4  25
1.8113e+09 6.7398e+11 0.00e+00  -1   4  26
1.8113e+09 8.8205e+11 0.00e+00  -1   4  27
1.8113e+09 1.1544e+12 0.00e+00  -1   4  28
1.8113e+09 1.5107e+12 0.00e+00  -1   4  29
2.3705e+09 3.5000e+08 5.54e+05   0   5   0
2.3705e+09 8.0805e+08 1.63e+06   0   5   1
2.3705e+09 1.0575e+09 2.21e+06   0   5   2
2.3705e+09 1.3840e+09 3.11e+06   0   5   3
2.3705e+09 1.8113e+09 4.55e+06   0   5   4
2.3705e+09 2.3705e+09 6.92e+06   0   5   5
2.3705e+09 3.1023e+09 1.10e+07   0   5   6
2.3705e+09 4.0600e+09 1.87e+07   1   5   7
2.3705e+09 5.3135e+09 2.86e+07   1   5   8
2.3705e+09 6.9539e+09 0.00e+00  -1   5   9
2.3705e+09 9.1007e+09 0.00e+00  -1   5  10
2.3705e+09 1.1910e+10 0.00e+00  -1   5  11
2.3705e+09 1.5587e+10 0.00e+00  -1   5  12
2.3705e+09 2.0399e+10 0.00e+00  -1   5  13
2.3705e+09 2.6697e+10 0.00e+00  -1   5  14
2.3705e+09 3.4939e+10 0.00e+00  -1   5  15
2.3705e+09 4.5726e+10 0.00e+00  -1   5  16
2.3705e+09 5.9843e+10 0.00e+00  -1   5  17
2.3705e+09 7.8318e+10 0.00e+00  -1   5  18
2.3705e+09 1.0250e+11 0.00e+00  -1   5  19
2.3705e+09 1.3414e+11 0.00e+00  -1   5  20
2.3705e+09 1.7555e+11 0.00e+00  -1   5  21
2.3705e+09 2.2975e+11 0.00e+00  -1   5  22
2.3705e+09 3.0068e+11 0.00e+00  -1   5  23
2.3705e+09 3.9350e+11 0.00e+00  -1   5  24
2.3705e+09 5.1499e+11 0.00e+00  -1   5  25
2.3705e+09 6.7398e+11 0.00e+00  -1   5  26
2.3705e+09 8.8205e+11 0.00e+00  -1   5  27
2.3705e+09 1.1544e+12 0.00e+00  -1   5  28
2.3705e+09 1.5107e+12 0.00e+00  -1   5  29
3.1023e+09 3.5000e+08 5.49e+05   0   6   0
3.1023e+09 8.0805e+08 1.48e+06   0   6   1
3.1023e+09 1.0575e+09 1.97e+06   0   6   2
3.1023e+09 1.3840e+09 2.73e+06   0   6   3
3.1023e+09 1.8113e+09 3.92e+06   0   6   4
3.1023e+09 2.3705e+09 5.83e+06   0   6   5
3.1023e+09 3.1023e+09 8.98e+06   0   6   6
3.1023e+09 4.0600e+09 1.44e+07   0   6   7
3.1023e+09 5.3135e+09 2.46e+07   1   6   8
3.1023e+09 6.9539e+09 4.23e+07   1   6   9
3.1023e+09 9.1007e+09 0.00e+00  -1   6  10
3.1023e+09 1.1910e+10 0.00e+00  -1   6  11
3.1023e+09 1.5587e+10 0.00e+00  -1   6  12
3.1023e+09 2.0399e+10 0.00e+00  -1   6  13
3.1023e+09 2.6697e+10 0.00e+00  -1   6  14
3.1023e+09 3.4939e+10 0.00e+00  -1   6  15
3.1023e+09 4.5726e+10 0.00e+00  -1   6  16
3.1023e+09 5.9843e+10 0.00e+00  -1   6  17
3.1023e+09 7.8318e+10 0.00e+00  -1   6  18
3.1023e+09 1.0250e+11 0.00e+00  -1   6  19
3.1023e+09 1.3414e+11 0.00e+00  -1   6  20
3.1023e+09 1.7555e+11 0.00e+00  -1   6  21
3.1023e+09 2.2975e+11 0.00e+00  -1   6  22
3.1023e+09 3.0068e+11 0.00e+00  -1   6  23
3.1023e+09 3.9350e+11 0.00e+00  -1   6  24
3.1023e+09 5.1499e+11 0.00e+00  -1   6  25
3.1023e+09 6.7398e+11 0.00e+00  -1   6  26
3.1023e+09 8.8205e+11 0.00e+00  -1   6  27
3.1023e+09 1.1544e+12 0.00e+00  -1   6  28
3.1023e+09 1.5107e+12 0.00e+00  -1   6  29
4.0600e+09 3.5000e+08 5.42e+05   0   7   0
4.0600e+09 8.0805e+08 1.35e+06   0   7   1
4.0600e+09 1.0575e+09 1.78e+06   0   7   2
4.0600e+09 1.3840e+09 2.42e+06   0   7   3
4.0600e+09 1.8113e+09 3.43e+06   0   7   4
4.0600e+09 2.3705e+09 5.01e+06   0   7   5
4.0600e+09 3.1023e+09 7.54e+06   0   7   6
4.0600e+09 4.0600e+09 1.17e+07   0   7   7
4.0600e+09 5.3135e+09 1.89e+07   0   7   8
4.0600e+09 6.9539e+09 3.25e+07   1   7   9
4.0600e+09 9.1007e+09 6.24e+07   1   7  10
4.0600e+09 1.1910e+10 9.06e+07   1   7  11
4.0600e+09 1.5587e+10 0.00e+00  -1   7  12
4.0600e+09 2.0399e+10 0.00e+00  -1   7  13
4.0600e+09 2.6697e+10 0.00e+00  -1   7  14
4.0600e+09 3.4939e+10 0.00e+00  -1   7  15
4.0600e+09 4.5726e+10 0.00e+00  -1   7  16
4.0600e+09 5.9843e+10 0.00e+00  -1   7  17
4.0600e+09 7.8318e+10 0.00e+00  -1   7  18
4.0600e+09 1.0250e+11 0.00e+00  -1   7  19
4.0600e+09 1.3414e+11 0.00e+00  -1   7  20
4.0600e+09 1.7555e+11 0.00e+00  -1   7  21
4.0600e+09 2.2975e+11 0.00e+00  -1   7  22
4.0600e+09 3.0068e+11 0.00e+00  -1   7  23
4.0600e+09 3.9350e+11 0.00e+00  -1   7  24
4.0600e+09 5.1499e+11 0.00e+00  -1   7  25
4.0600e+09 6.7398e+11 0.00e+00  -1   7  26
4.0600e+09 8.8205e+11 0.00e+00  -1   7  27
4.0600e+09 1.1544e+12 0.00e+00  -1   7  28
4.0600e+09 1.5107e+12 0.00e+00  -1   7  29
5.3135e+09 3.5000e+08 5.32e+05   0   8   0
5.3135e+09 8.0805e+08 1.24e+06   0   8   1
5.3135e+09 1.0575e+09 1.61e+06   0   8   2
5.3135e+09 1.3840e+09 2.17e+06   0   8   3
5.3135e+09 1.8113e+09 3.03e+06   0   8   4
5.3135e+09 2.3705e+09 4.36e+06   0   8   5
5.3135e+09 3.1023e+09 6.46e+06   0   8   6
5.3135e+09 4.0600e+09 9.84e+06   0   8   7
5.3135e+09 5.3135e+09 1.54e+07   0   8   8
5.3135e+09 6.9539e+09 2.50e+07   0   8   9
5.3135e+09 9.1007e+09 4.31e+07   0   8  10
5.3135e+09 1.1910e+10 8.52e+07   1   8  11
5.3135e+09 1.5587e+10 1.32e+08   1   8  12
5.3135e+09 2.0399e+10 0.00e+00  -1   8  13
5.3135e+09 2.6697e+10 0.00e+00  -1   8  14
5.3135e+09 3.4939e+10 0.00e+00  -1   8  15
5.3135e+09 4.5726e+10 0.00e+00  -1   8  16
5.3135e+09 5.9843e+10 0.00e+00  -1   8  17
5.3135e+09 7.8318e+10 0.00e+00  -1   8  18
5.3135e+09 1.0250e+11 0.00e+00  -1   8  19
5.3135e+09 1.3414e+11 0.00e+00  -1   8  20
5.3135e+09 1.7555e+11 0.00e+00  -1   8  21
5.3135e+09 2.2975e+11 0.00e+00  -1   8  22
5.3135e+09 3.0068e+11 0.00e+00  -1   8  23
5.3135e+09 3.9350e+11 0.00e+00  -1   8  24
5.3135e+09 5.1499e+11 0.00e+00  -1   8  25
5.3135e+09 6.7398e+11 0.00e+00  -1   8  26
5.3135e+09 8.8205e+11 0.00e+00  -1   8  27
5.3135e+09 1.1544e+12 0.00e+00  -1   8  28
5.3135e+09 1.5107e+12 0.00e+00  -1   8  29
6.9539e+09 3.5000e+08 5.18e+05   0   9   0
6.9539e+09 8.0805e+08 1.15e+06   0   9   1
6.9539e+09 1.0575e+09 1.46e+06   0   9   2
6.9539e+09 1.3840e+09 1.95e+06   0   9   3
6.9539e+09 1.8113e+09 2.69e+06   0   9   4
6.9539e+09 2.3705e+09 3.84e+06   0   9   5
6.9539e+09 3.1023e+09 5.62e+06   0   9   6
6.9539e+09 4.0600e+09 8.43e+06   0   9   7
6.9539e+09 5.3135e+09 1.29e+07   0   9   8
6.9539e+09 6.9539e+09 2.04e+07   0   9   9
6.9539e+09 9.1007e+09 3.32e+07   0   9  10
6.9539e+09 1.1910e+10 5.72e+07   0   9  11
6.9539e+09 1.5587e+10 1.13e+08   1   9  12
6.9539e+09 2.0399e+10 1.89e+08   1   9  13
6.9539e+09 2.6697e+10 0.00e+00  -1   9  14
6.9539e+09 3.4939e+10 0.00e+00  -1   9  15
6.9539e+09 4.5726e+10 0.00e+00  -1   9  16
6.9539e+09 5.9843e+10 0.00e+00  -1   9  17
6.9539e+09 7.8318e+10 0.00e+00  -1   9  18
6.9539e+09 1.0250e+11 0.00e+00  -1   9  19
6.9539e+09 1.3414e+11 0.00e+00  -1   9  20
6.9539e+09 1.7555e+11 0.00e+00  -1   9  21
6.9539e+09 2.2975e+11 0.00e+00  -1   9  22
6.9539e+09 3.0068e+11 0.00e+00  -1   9  23
6.9539e+09 3.9350e+11 0.00e+00  -1   9  24
6.9539e+09 5.1499e+11 0.00e+00  -1   9  25
6.9539e+09 6.7398e+11 0.00e+00  -1   9  26
6.9539e+09 8.8205e+11 0.00e+00  -1   9  27
6.9539e+09 1.1544e+12 0.00e+00  -1   9  28
6.9539e+09 1.5107e+12 0.00e+00  -1   9  29
9.1007e+09 3.5000e+08 4.97e+05   0  10   0
9.1007e+09 8.0805e+08 1.06e+06   0  10   1
9.1007e+09 1.0575e+09 1.34e+06   0  10   2
9.1007e+09 1.3840e+09 1.77e+06   0  10   3
9.1007e+09 1.8113e+09 2.42e+06   0  10   4
9.1007e+09 2.3705e+09 3.41e+06   0  10   5
9.1007e+09 3.1023e+09 4.95e+06   0  10   6
9.1007e+09 4.0600e+09 7.33e+06   0  10   7
9.1007e+09 5.3135e+09 1.11e+07   0  10   8
9.1007e+09 6.9539e+09 1.71e+07   0  10   9
9.1007e+09 9.1007e+09 2.70e+07   0  10  10
9.1007e+09 1.1910e+10 4.40e+07   0  10  11
9.1007e+09 1.5587e+10 7.59e+07   0  10  12
9.1007e+09 2.0399e+10 1.49e+08   1  10  13
9.1007e+09 2.6697e+10 2.68e+08   1  10  14
9.1007e+09 3.4939e+10 0.00e+00  -1  10  15
9.1007e+09 4.5726e+10 0.00e+00  -1  10  16
9.1007e+09 5.9843e+10 0.00e+00  -1  10  17
9.1007e+09 7.8318e+10 0.00e+00  -1  10  18
9.1007e+09 1.0250e+11 0.00e+00  -1  10  19
9.1007e+09 1.3414e+11 0.00e+00  -1  10  20
9.1007e+09 1.7555e+11 0.00e+00  -1  10  21
9.1007e+09 2.2975e+11 0.00e+00  -1  10  22
9.1007e+09 3.0068e+11 0.00e+00  -1  10  23
9.1007e+09 3.9350e+11 0.00e+00  -1  10  24
9.1007e+09 5.1499e+11 0.00e+00  -1  10  25
9.1007e+09 6.7398e+11 0.00e+00  -1  10  26
9.1007e+09 8.8205e+11 0.00e+00  -1  10  27
9.1007e+09 1.1544e+12 0.00e+00  -1  10  28
9.1007e+09 1.5107e+12 0.00e+00  -1  10  29
1.1910e+10 3.5000e+08 4.68e+05   0  11   0
1.1910e+10 8.0805e+08 9.70e+05   0  11   1
1.1910e+10 1.0575e+09 1.22e+06   0  11   2
1.1910e+10 1.3840e+09 1.60e+06   0  11   3
1.1910e+10 1.8113e+09 2.18e+06   0  11   4
1.1910e+10 2.3705e+09 3.06e+06   0  11   5
1.1910e+10 3.1023e+09 4.40e+06   0  11   6
1.1910e+10 4.0600e+09 6.47e+06   0  11   7
1.1910e+10 5.3135e+09 9.68e+06   0  11   8
1.1910e+10 6.9539e+09 1.47e+07   0  11   9
1.1910e+10 9.1007e+09 2.28e+07   0  11  10
1.1910e+10 1.1910e+10 3.60e+07   0  11  11
1.1910e+10 1.5587e+10 5.85e+07   0  11  12
1.1910e+10 2.0399e+10 1.00e+08   0  11  13
1.1910e+10 2.6697e+10 1.95e+08   1  11  14
1.1910e+10 3.4939e+10 3.69e+08   1  11  15
1.1910e+10 4.5726e+10 0.00e+00  -1  11  16
1.1910e+10 5.9843e+10 0.00e+00  -1  11  17
1.1910e+10 7.8318e+10 0.00e+00  -1  11  18
1.1910e+10 1.0250e+11 0.00e+00  -1  11  19
1.1910e+10 1.3414e+11 0.00e+00  -1  11  20
1.1910e+10 1.7555e+11 0.00e+00  -1  11  21
1.1910e+10 2.2975e+11 0.00e+00  -1  11  22
1.1910e+10 3.0068e+11 0.00e+00  -1  11  23
1.1910e+10 3.9350e+11 0.00e+00  -1  11  24
1.1910e+10 5.1499e+11 0.00e+00  -1  11  25
1.1910e+10 6.7398e+11 0.00e+00  -1  11  26
1.1910e+10 8.8205e+11 0.00e+00  -1  11  27
1.1910e+10 1.1544e+12 0.00e+00  -1  11  28
1.1910e+10 1.5107e+12 0.00e+00  -1  11  29
1.5587e+10 3.5000e+08 4.25e+05   0  12   0
1.5587e+10 8.0805e+08 8.86e+05   0  12   1
1.5587e+10 1.0575e+09 1.12e+06   0  12   2
1.5587e+10 1.3840e+09 1.46e+06   0  12   3
1.5587e+10 1.8113e+09 1.98e+06   0  12   4
1.5587e+10 2.3705e+09 2.77e+06   0  12   5
1.5587e+10 3.1023e+09 3.97e+06   0  12   6
1.5587e+10 4.0600e+09 5.80e+06   0  12   7
1.5587e+10 5.3135e+09 8.60e+06   0  12   8
1.5587e+10 6.9539e+09 1.29e+07   0  12   9
1.5587e+10 9.1007e+09 1.97e+07   0  12  10
1.5587e+10 1.1910e+10 3.05e+07   0  12  11
1.5587e+10 1.5587e+10 4.79e+07   0  12  12
1.5587e+10 2.0399e+10 7.74e+07   0  12  13
1.5587e+10 2.6697e+10 1.31e+08   0  12  14
1.5587e+10 3.4939e+10 2.51e+08   1  12  15
1.5587e+10 4.5726e+10 4.95e+08   1  12  16
1.5587e+10 5.9843e+10 0.00e+00  -1  12  17
1.5587e+10 7.8318e+10 0.00e+00  -1  12  18
1.5587e+10 1.0250e+11 0.00e+00  -1  12  19
1.5587e+10 1.3414e+11 0.00e+00  -1  12  20
1.5587e+10 1.7555e+11 0.00e+00  -1  12  21
1.5587e+10 2.2975e+11 0.00e+00  -1  12  22
1.5587e+10 3.0068e+11 0.00e+00  -1  12  23
1.5587e+10 3.9350e+11 0.00e+00  -1  12  24
1.5587e+10 5.1499e+11 0.00e+00  -1  12  25
1.5587e+10 6.7398e+11 0.00e+00  -1  12  26
1.5587e+10 8.8205e+11 0.00e+00  -1  12  27
1.5587e+10 1.1544e+12 0.00e+00  -1  12  28
1.5587e+10 1.5107e+12 0.00e+00  -1  12  29
2.0399e+10 3.5000e+08 3.61e+05   0  13   0
2.0399e+10 8.0805e+08 8.00e+05   0  13   1
2.0399e+10 1.0575e+09 1.02e+06   0  13   2
2.0399e+10 1.3840e+09 1.34e+06   0  13   3
2.0399e+10 1.8113e+09 1.82e+06   0  13   4
2.0399e+10 2.3705e+09 2.55e+06   0  13   5
2.0399e+10 3.1023e+09 3.65e+06   0  13   6
2.0399e+10 4.0600e+09 5.30e+06   0  13   7
2.0399e+10 5.3135e+09 7.80e+06   0  13   8
2.0399e+10 6.9539e+09 1.16e+07   0  13   9
2.0399e+10 9.1007e+09 1.75e+07   0  13  10
2.0399e+10 1.1910e+10 2.65e+07   0  13  11
2.0399e+10 1.5587e+10 4.07e+07   0  13  12
2.0399e+10 2.0399e+10 6.35e+07   0  13  13
2.0399e+10 2.6697e+10 1.01e+08   0  13  14
2.0399e+10 3.4939e+10 1.69e+08   0  13  15
2.0399e+10 4.5726e+10 3.17e+08   1  13  16
2.0399e+10 5.9843e+10 6.41e+08   1  13  17
2.0399e+10 7.8318e+10 0.00e+00  -1  13  18
2.0399e+10 1.0250e+11 0.00e+00  -1  13  19
2.0399e+10 1.3414e+11 0.00e+00  -1  13  20
2.0399e+10 1.7555e+11 0.00e+00  -1  13  21
2.0399e+10 2.2975e+11 0.00e+00  -1  13  22
2.0399e+10 3.0068e+11 0.00e+00  -1  13  23
2.0399e+10 3.9350e+11 0.00e+00  -1  13  24
2.0399e+10 5.1499e+11 0.00e+00  -1  13  25
2.0399e+10 6.7398e+11 0.00e+00  -1  13  26
2.0399e+10 8.8205e+11 0.00e+00  -1  13  27
2.0399e+10 1.1544e+12 0.00e+00  -1  13  28
2.0399e+10 1.5107e+12 0.00e+00  -1  13  29
2.6697e+10 3.5000e+08 2.66e+05   1  14   0
2.6697e+10 8.0805e+08 7.13e+05   1  14   1
2.6697e+10 1.0575e+09 9.27e+05   1  14   2
2.6697e+10 1.3840e+09 1.24e+06   1  14   3
2.6697e+10 1.8113e+09 1.72e+06   1  14   4
2.6697e+10 2.3705e+09 2.41e+06   1  14   5
2.6697e+10 3.1023e+09 3.45e+06   1  14   6
2.6697e+10 4.0600e+09 4.99e+06   0  14   7
2.6697e+10 5.3135e+09 7.29e+06   0  14   8
2.6697e+10 6.9539e+09 1.07e+07   0  14   9
2.6697e+10 9.1007e+09 1.59e+07   0  14  10
2.6697e+10 1.1910e+10 2.37e+07   0  14  11
2.6697e+10 1.5587e+10 3.57e+07   0  14  12
2.6697e+10 2.0399e+10 5.42e+07   0  14  13
2.6697e+10 2.6697e+10 8.32e+07   0  14  14
2.6697e+10 3.4939e+10 1.30e+08   0  14  15
2.6697e+10 4.5726e+10 2.13e+08   0  14  16
2.6697e+10 5.9843e+10 3.90e+08   1  14  17
2.6697e+10 7.8318e+10 7.97e+08   1  14  18
2.6697e+10 1.0250e+11 0.00e+00  -1  14  19
2.6697e+10 1.3414e+11 0.00e+00  -1  14  20
2.6697e+10 1.7555e+11 0.00e+00  -1  14  21
2.6697e+10 2.2975e+11 0.00e+00  -1  14  22
2.6697e+10 3.0068e+11 0.00e+00  -1  14  23
2.6697e+10 3.9350e+11 0.00e+00  -1  14  24
2.6697e+10 5.1499e+11 0.00e+00  -1  14  25
2.6697e+10 6.7398e+11 0.00e+00  -1  14  26
2.6697e+10 8.8205e+11 0.00e+00  -1  14  27
2.6697e+10 1.1544e+12 0.00e+00  -1  14  28
2.6697e+10 1.5107e+12 0.00e+00  -1  14  29
3.4939e+10 3.5000e+08 0.00e+00  -1  15   0
3.4939e+10 8.0805e+08 0.00e+00  -1  15   1
3.4939e+10 1.0575e+09 0.00e+00  -1  15   2
3.4939e+10 1.3840e+09 0.00e+00  -1  15   3
3.4939e+10 1.8113e+09 0.00e+00  -1  15   4
3.4939e+10 2.3705e+09 0.00e+00  -1  15   5
3.4939e+10 3.1023e+09 3.39e+06   1  15   6
3.4939e+10 4.0600e+09 4.94e+06   1  15   7
3.4939e+10 5.3135e+09 7.11e+06   1  15   8
3.4939e+10 6.9539e+09 1.03e+07   1  15   9
3.4939e+10 9.1007e+09 1.50e+07   0  15  10
3.4939e+10 1.1910e+10 2.19e+07   0  15  11
3.4939e+10 1.5587e+10 3.22e+07   0  15  12
3.4939e+10 2.0399e+10 4.77e+07   0  15  13
3.4939e+10 2.6697e+10 7.11e+07   0  15  14
3.4939e+10 3.4939e+10 1.07e+08   0  15  15
3.4939e+10 4.5726e+10 1.64e+08   0  15  16
3.4939e+10 5.9843e+10 2.61e+08   0  15  17
3.4939e+10 7.8318e+10 4.64e+08   1  15  18
3.4939e+10 1.0250e+11 9.53e+08   1  15  19
3.4939e+10 1.3414e+11 0.00e+00  -1  15  20
3.4939e+10 1.7555e+11 0.00e+00  -1  15  21
3.4939e+10 2.2975e+11 0.00e+00  -1  15  22
3.4939e+10 3.0068e+11 0.00e+00  -1  15  23
3.4939e+10 3.9350e+11 0.00e+00  -1  15  24
3.4939e+10 5.1499e+11 0.00e+00  -1  15  25
3.4939e+10 6.7398e+11 0.00e+00  -1  15  26
3.4939e+10 8.8205e+11 0.00e+00  -1  15  27
3.4939e+10 1.1544e+12 0.00e+00  -1  15  28
3.4939e+10 1.5107e+12 0.00e+00  -1  15  29
4.5726e+10 3.5000e+08 0.00e+00  -1  16   0
4.5726e+10 8.0805e+08 0.00e+00  -1  16   1
4.5726e+10 1.0575e+09 0.00e+00  -1  16   2
4.5726e+10 1.3840e+09 0.00e+00  -1  16   3
4.5726e+10 1.8113e+09 0.00e+00  -1  16   4
4.5726e+10 2.3705e+09 0.00e+00  -1  16   5
4.5726e+10 3.1023e+09 0.00e+00  -1  16   6
4.5726e+10 4.0600e+09 0.00e+00  -1  16   7
4.5726e+10 5.3135e+09 0.00e+00  -1  16   8
4.5726e+10 6.9539e+09 9.75e+06   1  16   9
4.5726e+10 9.1007e+09 1.47e+07   1  16  10
4.5726e+10 1.1910e+10 2.09e+07   1  16  11
4.5726e+10 1.5587e+10 2.99e+07   0  16  12
4.5726e+10 2.0399e+10 4.31e+07   0  16  13
4.5726e+10 2.6697e+10 6.24e+07   0  16  14
4.5726e+10 3.4939e+10 9.10e+07   0  16  15
4.5726e+10 4.5726e+10 1.34e+08   0  16  16
4.5726e+10 5.9843e+10 2.00e+08   0  16  17
4.5726e+10 7.8318e+10 3.09e+08   0  16  18
4.5726e+10 1.0250e+11 5.34e+08   1  16  19
4.5726e+10 1.3414e+11 1.09e+09   1  16  20
4.5726e+10 1.7555e+11 0.00e+00  -1  16  21
4.5726e+10 2.2975e+11 0.00e+00  -1  16  22
4.5726e+10 3.0068e+11 0.00e+00  -1  16  23
4.5726e+10 3.9350e+11 0.00e+00  -1  16  24
4.5726e+10 5.1499e+11 0.00e+00  -1  16  25
4.5726e+10 6.7398e+11 0.00e+00  -1  16  26
4.5726e+10 8.8205e+11 0.00e+00  -1  16  27
4.5726e+10 1.1544e+12 0.00e+00  -1  16  28
4.5726e+10 1.5107e+12 0.00e+00  -1  16  29
5.9843e+10 3.5000e+08 0.00e+00  -1  17   0
5.9843e+10 8.0805e+08 0.00e+00  -1  17   1
5.9843e+10 1.0575e+09 0.00e+00  -1  17   2
5.9843e+10 1.3840e+09 0.00e+00  -1  17   3
5.9843e+10 1.8113e+09 0.00e+00  -1  17   4
5.9843e+10 2.3705e+09 0.00e+00  -1  17   5
5.9843e+10 3.1023e+09 0.00e+00  -1  17   6
5.9843e+10 4.0600e+09 0.00e+00  -1  17   7
5.9843e+10 5.3135e+09 0.00e+00  -1  17   8
5.9843e+10 6.9539e+09 0.00e+00  -1  17   9
5.9843e+10 9.1007e+09 0.00e+00  -1  17  10
5.9843e+10 1.1910e+10 1.85e+07   1  17  11
5.9843e+10 1.5587e+10 2.85e+07   1  17  12
5.9843e+10 2.0399e+10 3.98e+07   1  17  13
5.9843e+10 2.6697e+10 5.60e+07   0  17  14
5.9843e+10 3.4939e+10 7.92e+07   0  17  15
5.9843e+10 4.5726e+10 1.13e+08   0  17  16
5.9843e+10 5.9843e+10 1.62e+08   0  17  17
5.9843e+10 7.8318e+10 2.35e+08   0  17  18
5.9843e+10 1.0250e+11 3.54e+08   0  17  19
5.9843e+10 1.3414e+11 5.95e+08   1  17  20
5.9843e+10 1.7555e+11 1.22e+09   1  17  21
5.9843e+10 2.2975e+11 0.00e+00  -1  17  22
5.9843e+10 3.0068e+11 0.00e+00  -1  17  23
5.9843e+10 3.9350e+11 0.00e+00  -1  17  24
5.9843e+10 5.1499e+11 0.00e+00  -1  17  25
5.9843e+10 6.7398e+11 0.00e+00  -1  17  26
5.9843e+10 8.8205e+11 0.00e+00  -1  17  27
5.9843e+10 1.1544e+12 0.00e+00  -1  17  28
5.9843e+10 1.5107e+12 0.00e+00  -1  17  29
7.8318e+10 3.5000e+08 0.00e+00  -1  18   0
7.8318e+10 8.0805e+08 0.00e+00  -1  18   1
7.8318e+10 1.0575e+09 0.00e+00  -1  18   2
7.8318e+10 1.3840e+09 0.00e+00  -1  18   3
7.8318e+10 1.8113e+09 0.00e+00  -1  18   4
7.8318e+10 2.3705e+09 0.00e+00  -1  18   5
7.8318e+10 3.1023e+09 0.00e+00  -1  18   6
7.8318e+10 4.0600e+09 0.00e+00  -1  18   7
7.8318e+10 5.3135e+09 0.00e+00  -1  18   8
7.8318e+10 6.9539e+09 0.00e+00  -1  18   9
7.8318e+10 9.1007e+09 0.00e+00  -1  18  10
7.8318e+10 1.1910e+10 0.00e+00  -1  18  11
7.8318e+10 1.5587e+10 0.00e+00  -1  18  12
7.8318e+10 2.0399e+10 3.39e+07   1  18  13
7.8318e+10 2.6697e+10 5.06e+07   1  18  14
7.8318e+10 3.4939e+10 6.97e+07   1  18  15
7.8318e+10 4.5726e+10 9.65e+07   0  18  16
7.8318e+10 5.9843e+10 1.34e+08   0  18  17
7.8318e+10 7.8318e+10 1.88e+08   0  18  18
7.8318e+10 1.0250e+11 2.67e+08   0  18  19
7.8318e+10 1.3414e+11 3.92e+08   0  18  20
7.8318e+10 1.7555e+11 6.45e+08   1  18  21
7.8318e+10 2.2975e+11 1.31e+09   1  18  22
7.8318e+10 3.0068e+11 0.00e+00  -1  18  23
7.8318e+10 3.9350e+11 0.00e+00  -1  18  24
7.8318e+10 5.1499e+11 0.00e+00  -1  18  25
7.8318e+10 6.7398e+11 0.00e+00  -1  18  26
7.8318e+10 8.8205e+11 0.00e+00  -1  18  27
7.8318e+10 1.1544e+12 0.00e+00  -1  18  28
7.8318e+10 1.5107e+12 0.00e+00  -1  18  29
1.0250e+11 3.5000e+08 0.00e+00  -1  19   0
1.0250e+11 8.0805e+08 0.00e+00  -1  19   1
1.0250e+11 1.0575e+09 0.00e+00  -1  19   2
1.0250e+11 1.3840e+09 0.00e+00  -1  19   3
1.0250e+11 1.8113e+09 0.00e+00  -1  19   4
1.0250e+11 2.3705e+09 0.00e+00  -1  19   5
1.0250e+11 3.1023e+09 0.00e+00  -1  19   6
1.0250e+11 4.0600e+09 0.00e+00  -1  19   7
1.0250e+11 5.3135e+09 0.00e+00  -1  19   8
1.0250e+11 6.9539e+09 0.00e+00  -1  19   9
1.0250e+11 9.1007e+09 0.00e+00  -1  19  10
1.0250e+11 1.1910e+10 0.00e+00  -1  19  11
1.0250e+11 1.5587e+10 0.00e+00  -1  19  12
1.0250e+11 2.0399e+10 0.00e+00  -1  19  13
1.0250e+11 2.6697e+10 0.00e+00  -1  19  14
1.0250e+11 3.4939e+10 6.09e+07   1  19  15
1.0250e+11 4.5726e+10 8.26e+07   1  19  16
1.0250e+11 5.9843e+10 1.12e+08   0  19  17
1.0250e+11 7.8318e+10 1.54e+08   0  19  18
1.0250e+11 1.0250e+11 2.11e+08   0  19  19
1.0250e+11 1.3414e+11 2.93e+08   0  19  20
1.0250e+11 1.7555e+11 4.22e+08   0  19  21
1.0250e+11 2.2975e+11 6.82e+08   1  19  22
1.0250e+11 3.0068e+11 1.39e+09   1  19  23
1.0250e+11 3.9350e+11 0.00e+00  -1  19  24
1.0250e+11 5.1499e+11 0.00e+00  -1  19  25
1.0250e+11 6.7398e+11 0.00e+00  -1  19  26
1.0250e+11 8.8205e+11 0.00e+00  -1  19  27
1.0250e+11 1.1544e+12 0.00e+00  -1  19  28
1.0250e+11 1.5107e+12 0.00e+00  -1  19  29
1.3414e+11 3.5000e+08 0.00e+00  -1  20   0
1.3414e+11 8.0805e+08 0.00e+00  -1  20   1
1.3414e+11 1.0575e+09 0.00e+00  -1  20   2
1.3414e+11 1.3840e+09 0.00e+00  -1  20   3
1.3414e+11 1.8113e+09 0.00e+00  -1  20   4
1.3414e+11 2.3705e+09 0.00e+00  -1  20   5
1.3414e+11 3.1023e+09 0.00e+00  -1  20   6
1.3414e+11 4.0600e+09 0.00e+00  -1  20   7
1.3414e+11 5.3135e+09 0.00e+00  -1  20   8
1.3414e+11 6.9539e+09 0.00e+00  -1  20   9
1.3414e+11 9.1007e+09 0.00e+00  -1  20  10
1.3414e+11 1.1910e+10 0.00e+00  -1  20  11
1.3414e+11 1.5587e+10 0.00e+00  -1  20  12
1.3414e+11 2.0399e+10 0.00e+00  -1  20  13
1.3414e+11 2.6697e+10 0.00e+00  -1  20  14
1.3414e+11 3.4939e+10 0.00e+00  -1  20  15
1.3414e+11 4.5726e+10 6.36e+07   1  20  16
1.3414e+11 5.9843e+10 9.35e+07   1  20  17
1.3414e+11 7.8318e+10 1.26e+08   0  20  18
1.3414e+11 1.0250e+11 1.69e+08   0  20  19
1.3414e+11 1.3414e+11 2.29e+08   0  20  20
1.3414e+11 1.7555e+11 3.14e+08   0  20  21
1.3414e+11 2.2975e+11 4.45e+08   0  20  22
1.3414e+11 3.0068e+11 7.09e+08   1  20  23
1.3414e+11 3.9350e+11 1.44e+09   1  20  24
1.3414e+11 5.1499e+11 0.00e+00  -1  20  25
1.3414e+11 6.7398e+11 0.00e+00  -1  20  26
1.3414e+11 8.8205e+11 0.00e+00  -1  20  27
1.3414e+11 1.1544e+12 0.00e+00  -1  20  28
1.3414e+11 1.5107e+12 0.00e+00  -1  20  29
1.7555e+11 3.5000e+08 0.00e+00  -1  21   0
1.7555e+11 8.0805e+08 0.00e+00  -1  21   1
1.7555e+11 1.0575e+09 0.00e+00  -1  21   2
1.7555e+11 1.3840e+09 0.00e+00  -1  21   3
1.7555e+11 1.8113e+09 0.00e+00  -1  21   4
1.7555e+11 2.3705e+09 0.00e+00  -1  21   5
1.7555e+11 3.1023e+09 0.00e+00  -1  21   6
1.7555e+11 4.0600e+09 0.00e+00  -1  21   7
1.7555e+11 5.3135e+09 0.00e+00  -1  21   8
1.7555e+11 6.9539e+09 0.00e+00  -1  21   9
1.7555e+11 9.1007e+09 0.00e+00  -1  21  10
1.7555e+11 1.1910e+10 0.00e+00  -1  21  11
1.7555e+11 1.5587e+10 0.00e+00  -1  21  12
1.7555e+11 2.0399e+10 0.00e+00  -1  21  13
1.7555e+11 2.6697e+10 0.00e+00  -1  21  14
1.7555e+11 3.4939e+10 0.00e+00  -1  21  15
1.7555e+11 4.5726e+10 0.00e+00  -1  21  16
1.7555e+11 5.9843e+10 6.39e+07   1  21  17
1.7555e+11 7.8318e+10 1.02e+08   1  21  18
1.7555e+11 1.0250e+11 1.36e+08   0  21  19
1.7555e+11 1.3414e+11 1.81e+08   0  21  20
1.7555e+11 1.7555e+11 2.42e+08   0  21  21
1.7555e+11 2.2975e+11 3.28e+08   0  21  22
1.7555e+11 3.0068e+11 4.61e+08   0  21  23
1.7555e+11 3.9350e+11 7.27e+08   1  21  24
1.7555e+11 5.1499e+11 1.48e+09   1  21  25
1.7555e+11 6.7398e+11 0.00e+00  -1  21  26
1.7555e+11 8.8205e+11 0.00e+00  -1  21  27
1.7555e+11 1.1544e+12 0.00e+00  -1  21  28
1.7555e+11 1.5107e+12 0.00e+00  -1  21  29
2.2975e+11 3.5000e+08 0.00e+00  -1  22   0
2.2975e+11 8.0805e+08 0.00e+00  -1  22   1
2.2975e+11 1.0575e+09 0.00e+00  -1  22   2
2.2975e+11 1.3840e+09 0.00e+00  -1  22   3
2.2975e+11 1.8113e+09 0.00e+00  -1  22   4
2.2975e+11 2.3705e+09 0.00e+00  -1  22   5
2.2975e+11 3.1023e+09 0.00e+00  -1  22   6
2.2975e+11 4.0600e+09 0.00e+00  -1  22   7
2.2975e+11 5.3135e+09 0.00e+00  -1  22   8
2.2975e+11 6.9539e+09 0.00e+00  -1  22   9
2.2975e+11 9.1007e+09 0.00e+00  -1  22  10
2.2975e+11 1.1910e+10 0.00e+00  -1  22  11
2.2975e+11 1.5587e+10 0.00e+00  -1  22  12
2.2975e+11 2.0399e+10 0.00e+00  -1  22  13
2.2975e+11 2.6697e+10 0.00e+00  -1  22  14
2.2975e+11 3.4939e+10 0.00e+00  -1  22  15
2.2975e+11 4.5726e+10 0.00e+00  -1  22  16
2.2975e+11 5.9843e+10 0.00e+00  -1  22  17
2.2975e+11 7.8318e+10 6.20e+07   1  22  18
2.2975e+11 1.0250e+11 1.07e+08   1  22  19
2.2975e+11 1.3414e+11 1.43e+08   0  22  20
2.2975e+11 1.7555e+11 1.89e+08   0  22  21
2.2975e+11 2.2975e+11 2.52e+08   0  22  22
2.2975e+11 3.0068e+11 3.39e+08   0  22  23
2.2975e+11 3.9350e+11 4.72e+08   0  22  24
2.2975e+11 5.1499e+11 7.40e+08   1  22  25
2.2975e+11 6.7398e+11 1.51e+09   1  22  26
2.2975e+11 8.8205e+11 0.00e+00  -1  22  27
2.2975e+11 1.1544e+12 0.00e+00  -1  22  28
2.2975e+11 1.5107e+12 0.00e+00  -1  22  29
3.0068e+11 3.5000e+08 0.00e+00  -1  23   0
3.0068e+11 8.0805e+08 0.00e+00  -1  23   1
3.0068e+11 1.0575e+09 0.00e+00  -1  23   2
3.0068e+11 1.3840e+09 0.00e+00  -1  23   3
3.0068e+11 1.8113e+09 0.00e+00  -1  23   4
3.0068e+11 2.3705e+09 0.00e+00  -1  23   5
3.0068e+11 3.1023e+09 0.00e+00  -1  23   6
3.0068e+11 4.0600e+09 0.00e+00  -1  23   7
3.0068e+11 5.3135e+09 0.00e+00  -1  23   8
3.0068e+11 6.9539e+09 0.00e+00  -1  23   9
3.0068e+11 9.1007e+09 0.00e+00  -1  23  10
3.0068e+11 1.1910e+10 0.00e+00  -1  23  11
3.0068e+11 1.5587e+10 0.00e+00  -1  23  12
3.0068e+11 2.0399e+10 0.00e+00  -1  23  13
3.0068e+11 2.6697e+10 0.00e+00  -1  23  14
3.0068e+11 3.4939e+10 0.00e+00  -1  23  15
3.0068e+11 4.5726e+10 0.00e+00  -1  23  16
3.0068e+11 5.9843e+10 0.00e+00  -1  23  17
3.0068e+11 7.8318e+10 0.00e+00  -1  23  18
3.0068e+11 1.0250e+11 5.86e+07   1  23  19
3.0068e+11 1.3414e+11 1.11e+08   1  23  20
3.0068e+11 1.7555e+11 1.47e+08   0  23  21
3.0068e+11 2.2975e+11 1.95e+08   0  23  22
3.0068e+11 3.0068e+11 2.58e+08   0  23  23
3.0068e+11 3.9350e+11 3.45e+08   0  23  24
3.0068e+11 5.1499e+11 4.79e+08   0  23  25
3.0068e+11 6.7398e+11 7.48e+08   1  23  26
3.0068e+11 8.8205e+11 1.53e+09   1  23  27
3.0068e+11 1.1544e+12 0.00e+00  -1  23  28
3.0068e+11 1.5107e+12 0.00e+00  -1  23  29
3.9350e+11 3.5000e+08 0.00e+00  -1  24   0
3.9350e+11 8.0805e+08 0.00e+00  -1  24   1
3.9350e+11 1.0575e+09 0.00e+00  -1  24   2
3.9350e+11 1.3840e+09 0.00e+00  -1  24   3
3.9350e+11 1.8113e+09 0.00e+00  -1  24   4
3.9350e+11 2.3705e+09 0.00e+00  -1  24   5
3.9350e+11 3.1023e+09 0.00e+00  -1  24   6
3.9350e+11 4.0600e+09 0.00e+00  -1  24   7
3.9350e+11 5.3135e+09 0.00e+00  -1  24   8
3.9350e+11 6.9539e+09 0.00e+00  -1  24   9
3.9350e+11 9.1007e+09 0.00e+00  -1  24  10
3.9350e+11 1.1910e+10 0.00e+00  -1  24  11
3.9350e+11 1.5587e+10 0.00e+00  -1  24  12
3.9350e+11 2.0399e+10 0.00e+00  -1  24  13
3.9350e+11 2.6697e+10 0.00e+00  -1  24  14
3.9350e+11 3.4939e+10 0.00e+00  -1  24  15
3.9350e+11 4.5726e+10 0.00e+00  -1  24  16
3.9350e+11 5.9843e+10 0.00e+00  -1  24  17
3.9350e+11 7.8318e+10 0.00e+00  -1  24  18
3.9350e+11 1.0250e+11 0.00e+00  -1  24  19
3.9350e+11 1.3414e+11 5.41e+07   1  24  20
3.9350e+11 1.7555e+11 1.13e+08   1  24  21
3.9350e+11 2.2975e+11 1.50e+08   0  24  22
3.9350e+11 3.0068e+11 1.98e+08   0  24  23
3.9350e+11 3.9350e+11 2.62e+08   0  24  24
3.9350e+11 5.1499e+11 3.49e+08   0  24  25
3.9350e+11 6.7398e+11 4.83e+08   0  24  26
3.9350e+11 8.8205e+11 7.53e+08   1  24  27
3.9350e+11 1.1544e+12 0.00e+00  -1  24  28
3.9350e+11 1.5107e+12 0.00e+00  -1  24  29
5.1499e+11 3.5000e+08 0.00e+00  -1  25   0
5.1499e+11 8.0805e+08 0.00e+00  -1  25   1
5.1499e+11 1.0575e+09 0.00e+00  -1  25   2
5.1499e+11 1.3840e+09 0.00e+00  -1  25   3
5.1499e+11 1.8113e+09 0.00e+00  -1  25   4
5.1499e+11 2.3705e+09 0.00e+00  -1  25   5
5.1499e+11 3.1023e+09 0.00e+00  -1  25   6
5.1499e+11 4.0600e+09 0.00e+00  -1  25   7
5.1499e+11 5.3135e+09 0.00e+00  -1  25   8
5.1499e+11 6.9539e+09 0.00e+00  -1  25   9
5.1499e+11 9.1007e+09 0.00e+00  -1  25  10
5.1499e+11 1.1910e+10 0.00e+00  -1  25  11
5.1499e+11 1.5587e+10 0.00e+00  -1  25  12
5.1499e+11 2.0399e+10 0.00e+00  -1  25  13
5.1499e+11 2.6697e+10 0.00e+00  -1  25  14
5.1499e+11 3.4939e+10 0.00e+00  -1  25  15
5.1499e+11 4.5726e+10 0.00e+00  -1  25  16
5.1499e+11 5.9843e+10 0.00e+00  -1  25  17
5.1499e+11 7.8318e+10 0.00e+00  -1  25  18
5.1499e+11 1.0250e+11 0.00e+00  -1  25  19
5.1499e+11 1.3414e+11 0.00e+00  -1  25  20
5.1499e+11 1.7555e+11 4.91e+07   1  25  21
5.1499e+11 2.2975e+11 1.14e+08   1  25  22
5.1499e+11 3.0068e+11 1.51e+08   1  25  23
5.1499e+11 3.9350e+11 2.00e+08   0  25  24
5.1499e+11 5.1499e+11 2.64e+08   0  25  25
5.1499e+11 6.7398e+11 3.52e+08   0  25  26
5.1499e+11 8.8205e+11 4.86e+08   1  25  27
5.1499e+11 1.1544e+12 0.00e+00  -1  25  28
5.1499e+11 1.5107e+12 0.00e+00  -1  25  29
6.7398e+11 3.5000e+08 0.00e+00  -1  26   0
6.7398e+11 8.0805e+08 0.00e+00  -1  26   1
6.7398e+11 1.0575e+09 0.00e+00  -1  26   2
6.7398e+11 1.3840e+09 0.00e+00  -1  26   3
6.7398e+11 1.8113e+09 0.00e+00  -1  26   4
6.7398e+11 2.3705e+09 0.00e+00  -1  26   5
6.7398e+11 3.1023e+09 0.00e+00  -1  26   6
6.7398e+11 4.0600e+09 0.00e+00  -1  26   7
6.7398e+11 5.3135e+09 0.00e+00  -1  26   8
6.7398e+11 6.9539e+09 0.00e+00  -1  26   9
6.7398e+11 9.1007e+09 0.00e+00  -1  26  10
6.7398e+11 1.1910e+10 0.00e+00  -1  26  11
6.7398e+11 1.5587e+10 0.00e+00  -1  26  12
6.7398e+11 2.0399e+10 0.00e+00  -1  26  13
6.7398e+11 2.6697e+10 0.00e+00  -1  26  14
6.7398e+11 3.4939e+10 0.00e+00  -1  26  15
6.7398e+11 4.5726e+10 0.00e+00  -1  26  16
6.7398e+11 5.9843e+10 0.00e+00  -1  26  17
6.7398e+11 7.8318e+10 0.00e+00  -1  26  18
6.7398e+11 1.0250e+11 0.00e+00  -1  26  19
6.7398e+11 1.3414e+11 0.00e+00  -1  26  20
6.7398e+11 1.7555e+11 0.00e+00  -1  26  21
6.7398e+11 2.2975e+11 0.00e+00  -1  26  22
6.7398e+11 3.0068e+11 1.12e+08   1  26  23
6.7398e+11 3.9350e+11 1.52e+08   1  26  24
6.7398e+11 5.1499e+11 2.01e+08   0  26  25
6.7398e+11 6.7398e+11 2.65e+08   1  26  26
6.7398e+11 8.8205e+11 3.53e+08   1  26  27
6.7398e+11 1.1544e+12 0.00e+00  -1  26  28
6.7398e+11 1.5107e+12 0.00e+00  -1  26  29
8.8205e+11 3.5000e+08 0.00e+00  -1  27   0
8.8205e+11 8.0805e+08 0.00e+00  -1  27   1
8.8205e+11 1.0575e+09 0.00e+00  -1  27   2
8.8205e+11 1.3840e+09 0.00e+00  -1  27   3
8.8205e+11 1.8113e+09 0.00e+00  -1  27   4
8.8205e+11 2.3705e+09 0.00e+00  -1  27   5
8.8205e+11 3.1023e+09 0.00e+00  -1  27   6
8.8205e+11 4.0600e+09 0.00e+00  -1  27   7
8.8205e+11 5.3135e+09 0.00e+00  -1  27   8
8.8205e+11 6.9539e+09 0.00e+00  -1  27   9
8.8205e+11 9.1007e+09 0.00e+00  -1  27  10
8.8205e+11 1.1910e+10 0.00e+00  -1  27  11
8.8205e+11 1.5587e+10 0.00e+00  -1  27  12
8.8205e+11 2.0399e+10 0.00e+00  -1  27  13
8.8205e+11 2.6697e+10 0.00e+00  -1  27  14
8.8205e+11 3.4939e+10 0.00e+00  -1  27  15
8.8205e+11 4.5726e+10 0.00e+00  -1  27  16
8.8205e+11 5.9843e+10 0.00e+00  -1  27  17
8.8205e+11 7.8318e+10 0.00e+00  -1  27  18
8.8205e+11 1.0250e+11 0.00e+00  -1  27  19
8.8205e+11 1.3414e+11 0.00e+00  -1  27  20
8.8205e+11 1.7555e+11 0.00e+00  -1  27  21
8.8205e+11 2.2975e+11 0.00e+00  -1  27  22
8.8205e+11 3.0068e+11 0.00e+00  -1  27  23
8.8205e+11 3.9350e+11 9.90e+07   1  27  24
8.8205e+11 5.1499e+11 1.53e+08   1  27  25
8.8205e+11 6.7398e+11 2.02e+08   1  27  26
8.8205e+11 8.8205e+11 0.00e+00  -1  27  27
8.8205e+11 1.1544e+12 0.00e+00  -1  27  28
8.8205e+11 1.5107e+12 0.00e+00  -1  27  29
1.1544e+12 3.5000e+08 0.00e+00  -1  28   0
1.1544e+12 8.0805e+08 0.00e+00  -1  28   1
1.1544e+12 1.0575e+09 0.00e+00  -1  28   2
1.1544e+12 1.3840e+09 0.00e+00  -1  28   3
1.1544e+12 1.8113e+09 0.00e+00  -1  28   4
1.1544e+12 2.3705e+09 0.00e+00  -1  28   5
1.1544e+12 3.1023e+09 0.00e+00  -1  28   6
1.1544e+12 4.0600e+09 0.00e+00  -1  28   7
1.1544e+12 5.3135e+09 0.00e+00  -1  28   8
1.1544e+12 6.9539e+09 0.00e+00  -1  28   9
1.1544e+12 9.1007e+09 0.00e+00  -1  28  10
1.1544e+12 1.1910e+10 0.00e+00  -1  28  11
1.1544e+12 1.5587e+10 0.00e+00  -1  28  12
1.1544e+12 2.0399e+10 0.00e+00  -1  28  13
1.1544e+12 2.6697e+10 0.00e+00  -1  28  14
1.1544e+12 3.4939e+10 0.00e+00  -1  28  15
1.1544e+12 4.5726e+10 0.00e+00  -1  28  16
1.1544e+12 5.9843e+10 0.00e+00  -1  28  17
1.1544e+12 7.8318e+10 0.00e+00  -1  28  18
1.1544e+12 1.0250e+11 0.00e+00  -1  28  19
1.1544e+12 1.3414e+11 0.00e+00  -1  28  20
1.1544e+12 1.7555e+11 0.00e+00  -1  28  21
1.1544e+12 2.2975e+11 0.00e+00  -1  28  22
1.1544e+12 3.0068e+11 0.00e+00  -1  28  23
1.1544e+12 3.9350e+11 0.00e+00  -1  28  24
1.1544e+12 5.1499e+11 0.00e+00  -1  28  25
1.1544e+12 6.7398e+11 0.00e+00  -1  28  26
1.1544e+12 8.8205e+11 0.00e+00  -1  28  27
1.1544e+12 1.1544e+12 0.00e+00  -1  28  28
1.1544e+12 1.5107e+12 0.00e+00  -1  28  29
1.5107e+12 3.5000e+08 0.00e+00  -1  29   0
1.5107e+12 8.0805e+08 0.00e+00  -1  29   1
1.5107e+12 1.0575e+09 0.00e+00  -1  29   2
1.5107e+12 1.3840e+09 0.00e+00  -1  29   3
1.5107e+12 1.8113e+09 0.00e+00  -1  29   4
1.5107e+12 2.3705e+09 0.00e+00  -1  29   5
1.5107e+12 3.1023e+09 0.00e+00  -1  29   6
1.5107e+12 4.0600e+09 0.00e+00  -1  29   7
1.5107e+12 5.3135e+09 0.00e+00  -1  29   8
1.5107e+12 6.9539e+09 0.00e+00  -1  29   9
1.5107e+12 9.1007e+09 0.00e+00  -1  29  10
1.5107e+12 1.1910e+10 0.00e+00  -1  29  11
1.5107e+12 1.5587e+10 0.00e+00  -1  29  12
1.5107e+12 2.0399e+10 0.00e+00  -1  29  13
1.5107e+12 2.6697e+10 0.00e+00  -1  29  14
1.5107e+12 3.4939e+10 0.00e+00  -1  29  15
1.5107e+12 4.5726e+10 0.00e+00  -1  29  16
1.5107e+12 5.9843e+10 0.00e+00  -1  29  17
1.5107e+12 7.8318e+10 0.00e+00  -1  29  18
1.5107e+12 1.0250e+11 0.00e+00  -1  29  19
1.5107e+12 1.3414e+11 0.00e+00  -1  29  20
1.5107e+12 1.7555e+11 0.00e+00  -1  29  21
1.5107e+12 2.2975e+11 0.00e+00  -1  29  22
1.5107e+12 3.0068e+11 0.00e+00  -1  29  23
1.5107e+12 3.9350e+11 0.00e+00  -1  29  24
1.5107e+12 5.1499e+11 0.00e+00  -1  29  25
1.5107e+12 6.7398e+11 0.00e+00  -1  29  26
1.5107e+12 8.8205e+11 0.00e+00  -1  29  27
1.5107e+12 1.1544e+12 0.00e+00  -1  29  28
1.5107e+12 1.5107e+12 0.00e+00  -1  29  29
