# Graph from groot1.png, page unknown
3318	19.97	0.00000	0.00000
3318	19.97	0.00000	0.00000
3318	19.97	0.00000	0.00000
3318	19.97	0.00000	0.00000
3318	19.97	0.00000	0.00000
3318	19.97	0.00000	0.00000
3318	19.97	0.00000	0.00000
3318	19.97	0.00000	0.00000
3318	19.97	0.00000	0.00000
3318	19.97	0.00000	0.00000
3318	19.97	0.00000	0.00000
3318	19.97	0.00000	0.00000
3323	19.97	0.00000	0.00000
3323	19.97	0.00000	0.00000
3323	19.97	0.00000	0.00000
3323	19.97	0.00000	0.00000
3323	19.97	0.00000	0.00000
3323	19.97	0.00000	0.00000
3332	18.60	0.00000	0.00000
3332	18.60	0.00000	0.00000
3332	18.60	0.00000	0.00000
3332	18.60	0.00000	0.00000
3332	18.60	0.00000	0.00000
3332	18.60	0.00000	0.00000
3332	18.60	0.00000	0.00000
3332	18.60	0.00000	0.00000
3332	18.60	0.00000	0.00000
3332	18.60	0.00000	0.00000
3332	18.60	0.00000	0.00000
3337	18.60	0.00000	0.00000
3337	18.60	0.00000	0.00000
3337	18.60	0.00000	0.00000
3337	18.60	0.00000	0.00000
3337	18.60	0.00000	0.00000
3337	18.60	0.00000	0.00000
3342	20.54	0.00000	0.00000
3342	18.08	0.00000	0.00000
3347	18.25	0.00000	0.00000
3347	20.60	0.00000	0.00000
3347	20.60	0.00000	0.00000
3347	20.60	0.00000	0.00000
3347	20.60	0.00000	0.00000
3352	20.60	0.00000	0.00000
3352	18.25	0.00000	0.00000
3356	20.77	0.00000	0.00000
3356	20.77	0.00000	0.00000
3356	20.77	0.00000	0.00000
3356	20.77	0.00000	0.00000
3361	20.94	0.00000	0.00000
3361	18.42	0.00000	0.00000
3366	20.94	0.00000	0.00000
3366	20.94	0.00000	0.00000
3366	20.94	0.00000	0.00000
3366	20.94	0.00000	0.00000
3371	21.06	0.00000	0.00000
3371	18.54	0.00000	0.00000
3376	21.17	0.00000	0.00000
3376	21.17	0.00000	0.00000
3376	21.17	0.00000	0.00000
3376	21.17	0.00000	0.00000
3376	21.17	0.00000	0.00000
3380	18.65	0.00000	0.00000
3380	21.06	0.00000	0.00000
3385	21.17	0.00000	0.00000
3385	21.17	0.00000	0.00000
3385	21.17	0.00000	0.00000
3385	21.17	0.00000	0.00000
3390	21.29	0.00000	0.00000
3390	18.71	0.00000	0.00000
3395	21.11	0.00000	0.00000
3395	21.11	0.00000	0.00000
3395	21.11	0.00000	0.00000
3395	21.11	0.00000	0.00000
3400	18.88	0.00000	0.00000
3400	21.46	0.00000	0.00000
3404	21.46	0.00000	0.00000
3404	21.46	0.00000	0.00000
3404	21.46	0.00000	0.00000
3404	21.46	0.00000	0.00000
3409	21.46	0.00000	0.00000
3409	21.63	0.00000	0.00000
3409	19.05	0.00000	0.00000
3409	21.46	0.00000	0.00000
3409	21.46	0.00000	0.00000
3409	21.46	0.00000	0.00000
3419	21.63	0.00000	0.00000
3419	19.05	0.00000	0.00000
3419	21.63	0.00000	0.00000
3419	21.63	0.00000	0.00000
3419	21.63	0.00000	0.00000
3419	21.63	0.00000	0.00000
3419	21.63	0.00000	0.00000
3419	21.63	0.00000	0.00000
3419	21.63	0.00000	0.00000
3419	21.51	0.00000	0.00000
3428	21.51	0.00000	0.00000
3428	21.51	0.00000	0.00000
3428	21.51	0.00000	0.00000
3428	21.51	0.00000	0.00000
3428	21.40	0.00000	0.00000
3428	18.82	0.00000	0.00000
3438	21.40	0.00000	0.00000
3438	21.40	0.00000	0.00000
3438	18.77	0.00000	0.00000
3438	21.23	0.00000	0.00000
3438	21.23	0.00000	0.00000
3438	21.40	0.00000	0.00000
3438	21.40	0.00000	0.00000
3443	18.65	0.00000	0.00000
3448	21.23	0.00000	0.00000
3448	21.46	0.00000	0.00000
3448	21.23	0.00000	0.00000
3448	21.23	0.00000	0.00000
3448	21.23	0.00000	0.00000
3452	18.77	0.00000	0.00000
3457	21.46	0.00000	0.00000
3457	21.46	0.00000	0.00000
3457	21.51	0.00000	0.00000
3457	21.46	0.00000	0.00000
3457	21.46	0.00000	0.00000
3462	18.77	0.00000	0.00000
3467	21.51	0.00000	0.00000
3467	21.51	0.00000	0.00000
3467	21.51	0.00000	0.00000
3467	21.74	0.00000	0.00000
3467	21.51	0.00000	0.00000
3472	18.94	0.00000	0.00000
3476	21.74	0.00000	0.00000
3476	21.74	0.00000	0.00000
3476	21.74	0.00000	0.00000
3476	21.74	0.00000	0.00000
3476	21.86	0.00000	0.00000
3481	19.17	0.00000	0.00000
3486	21.86	0.00000	0.00000
3486	21.97	0.00000	0.00000
3486	21.86	0.00000	0.00000
3486	21.86	0.00000	0.00000
3486	21.86	0.00000	0.00000
3491	18.82	0.00000	0.00000
3496	21.97	0.00000	0.00000
3496	18.82	0.00000	0.00000
3496	21.97	0.00000	0.00000
3496	21.97	0.00000	0.00000
3496	21.97	0.00000	0.00000
3496	21.97	0.00000	0.00000
3505	21.97	0.00000	0.00000
3505	21.97	0.00000	0.00000
3505	19.45	0.00000	0.00000
3505	21.97	0.00000	0.00000
3505	21.97	0.00000	0.00000
3505	21.97	0.00000	0.00000
3505	19.45	0.00000	0.00000
3510	19.45	0.00000	0.00000
3515	21.97	0.00000	0.00000
3515	21.97	0.00000	0.00000
3515	21.97	0.00000	0.00000
3515	22.03	0.00000	0.00000
3515	21.97	0.00000	0.00000
3520	18.94	0.00000	0.00000
3524	22.03	0.00000	0.00000
3524	22.03	0.00000	0.00000
3524	22.03	0.00000	0.00000
3524	21.74	0.00000	0.00000
3524	22.03	0.00000	0.00000
3524	18.94	0.00000	0.00000
3534	21.74	0.00000	0.00000
3534	21.74	0.00000	0.00000
3534	21.80	0.00000	0.00000
3534	21.74	0.00000	0.00000
3534	18.65	0.00000	0.00000
3534	21.74	0.00000	0.00000
3539	18.65	0.00000	0.00000
3544	21.80	0.00000	0.00000
3544	21.80	0.00000	0.00000
3544	21.80	0.00000	0.00000
3544	21.80	0.00000	0.00000
3544	21.80	0.00000	0.00000
3548	19.39	0.00000	0.00000
3553	21.80	0.00000	0.00000
3553	22.14	0.00000	0.00000
3553	21.80	0.00000	0.00000
3553	19.39	0.00000	0.00000
3553	21.80	0.00000	0.00000
3553	21.80	0.00000	0.00000
3563	22.14	0.00000	0.00000
3563	22.14	0.00000	0.00000
3563	22.14	0.00000	0.00000
3563	22.14	0.00000	0.00000
3563	18.82	0.00000	0.00000
3563	22.31	0.00000	0.00000
3572	22.31	0.00000	0.00000
3572	22.31	0.00000	0.00000
3572	22.54	0.00000	0.00000
3572	18.99	0.00000	0.00000
3572	22.31	0.00000	0.00000
3572	22.31	0.00000	0.00000
3582	22.54	0.00000	0.00000
3582	22.54	0.00000	0.00000
3582	22.60	0.00000	0.00000
3582	22.54	0.00000	0.00000
3582	22.54	0.00000	0.00000
3582	19.22	0.00000	0.00000
3592	22.60	0.00000	0.00000
3592	22.60	0.00000	0.00000
3592	22.60	0.00000	0.00000
3592	22.60	0.00000	0.00000
3592	22.60	0.00000	0.00000
3592	22.60	0.00000	0.00000
3592	19.34	0.00000	0.00000
3592	22.60	0.00000	0.00000
3592	22.54	0.00000	0.00000
3592	22.60	0.00000	0.00000
3596	19.34	0.00000	0.00000
3601	22.37	0.00000	0.00000
3601	22.54	0.00000	0.00000
3601	22.54	0.00000	0.00000
3601	22.54	0.00000	0.00000
3601	22.54	0.00000	0.00000
3601	22.37	0.00000	0.00000
3606	20.02	0.00000	0.00000
3606	20.02	0.00000	0.00000
3611	22.54	0.00000	0.00000
3611	22.37	0.00000	0.00000
3611	22.37	0.00000	0.00000
3611	22.37	0.00000	0.00000
3611	22.37	0.00000	0.00000
3616	22.54	0.00000	0.00000
3616	22.31	0.00000	0.00000
3616	22.31	0.00000	0.00000
3616	22.31	0.00000	0.00000
3616	22.31	0.00000	0.00000
3616	19.68	0.00000	0.00000
3625	23.00	0.00000	0.00000
3625	22.54	0.00000	0.00000
3625	19.34	0.00000	0.00000
3625	22.54	0.00000	0.00000
3625	22.54	0.00000	0.00000
3625	22.54	0.00000	0.00000
3630	23.00	0.00000	0.00000
3635	23.00	0.00000	0.00000
3635	23.00	0.00000	0.00000
3635	19.57	0.00000	0.00000
3635	23.00	0.00000	0.00000
3635	23.00	0.00000	0.00000
3640	23.29	0.00000	0.00000
3640	23.00	0.00000	0.00000
3640	23.00	0.00000	0.00000
3640	23.00	0.00000	0.00000
3640	23.00	0.00000	0.00000
3644	19.79	0.00000	0.00000
3649	23.29	0.00000	0.00000
3649	23.29	0.00000	0.00000
3649	23.29	0.00000	0.00000
3649	23.29	0.00000	0.00000
3649	23.29	0.00000	0.00000
3649	23.29	0.00000	0.00000
3649	23.29	0.00000	0.00000
3649	23.06	0.00000	0.00000
3649	23.29	0.00000	0.00000
3654	23.29	0.00000	0.00000
3654	19.91	0.00000	0.00000
3654	23.29	0.00000	0.00000
3654	23.29	0.00000	0.00000
3654	23.29	0.00000	0.00000
3659	23.00	0.00000	0.00000
3664	23.00	0.00000	0.00000
3664	23.00	0.00000	0.00000
3664	23.00	0.00000	0.00000
3664	19.74	0.00000	0.00000
3664	23.00	0.00000	0.00000
3668	22.83	0.00000	0.00000
3668	19.74	0.00000	0.00000
3673	22.94	0.00000	0.00000
3673	22.94	0.00000	0.00000
3673	22.94	0.00000	0.00000
3673	22.94	0.00000	0.00000
3678	22.83	0.00000	0.00000
3678	19.51	0.00000	0.00000
3683	22.83	0.00000	0.00000
3683	22.83	0.00000	0.00000
3683	22.83	0.00000	0.00000
3683	22.83	0.00000	0.00000
3683	20.02	0.00000	0.00000
3688	22.94	0.00000	0.00000
3688	20.71	0.00000	0.00000
3688	20.71	0.00000	0.00000
3692	22.94	0.00000	0.00000
3692	22.94	0.00000	0.00000
3692	22.94	0.00000	0.00000
3692	22.94	0.00000	0.00000
3697	23.00	0.00000	0.00000
3697	19.74	0.00000	0.00000
3702	22.94	0.00000	0.00000
3702	22.94	0.00000	0.00000
3702	22.94	0.00000	0.00000
3702	19.74	0.00000	0.00000
3702	22.94	0.00000	0.00000
3707	23.00	0.00000	0.00000
3712	23.00	0.00000	0.00000
3712	23.00	0.00000	0.00000
3712	19.62	0.00000	0.00000
3712	23.00	0.00000	0.00000
3712	23.00	0.00000	0.00000
3712	19.62	0.00000	0.00000
3716	23.23	0.00000	0.00000
3716	19.62	0.00000	0.00000
3721	23.23	0.00000	0.00000
3721	23.23	0.00000	0.00000
3721	23.23	0.00000	0.00000
3721	23.23	0.00000	0.00000
3726	23.23	0.00000	0.00000
3726	23.57	0.00000	0.00000
3726	23.23	0.00000	0.00000
3726	23.23	0.00000	0.00000
3726	19.96	0.00000	0.00000
3726	23.23	0.00000	0.00000
3736	23.68	0.00000	0.00000
3736	23.57	0.00000	0.00000
3736	23.57	0.00000	0.00000
3736	19.96	0.00000	0.00000
3736	23.57	0.00000	0.00000
3736	23.57	0.00000	0.00000
3745	23.68	0.00000	0.00000
3745	23.74	0.00000	0.00000
3745	23.68	0.00000	0.00000
3745	20.08	0.00000	0.00000
3745	23.68	0.00000	0.00000
3745	23.68	0.00000	0.00000
3755	23.74	0.00000	0.00000
3755	23.74	0.00000	0.00000
3755	23.74	0.00000	0.00000
3755	23.74	0.00000	0.00000
3755	20.08	0.00000	0.00000
3755	23.74	0.00000	0.00000
3764	23.74	0.00000	0.00000
3764	23.97	0.00000	0.00000
3764	23.74	0.00000	0.00000
3764	23.74	0.00000	0.00000
3764	20.25	0.00000	0.00000
3764	23.74	0.00000	0.00000
3769	23.74	0.00000	0.00000
3769	23.74	0.00000	0.00000
3769	23.74	0.00000	0.00000
3769	23.74	0.00000	0.00000
3774	24.08	0.00000	0.00000
3774	20.36	0.00000	0.00000
3779	24.08	0.00000	0.00000
3779	24.08	0.00000	0.00000
3779	24.08	0.00000	0.00000
3779	24.08	0.00000	0.00000
3784	20.48	0.00000	0.00000
3784	24.26	0.00000	0.00000
3784	24.26	0.00000	0.00000
3788	24.26	0.00000	0.00000
3788	24.26	0.00000	0.00000
3788	24.26	0.00000	0.00000
3788	24.26	0.00000	0.00000
3793	24.26	0.00000	0.00000
3793	24.26	0.00000	0.00000
3793	24.08	0.00000	0.00000
3793	24.26	0.00000	0.00000
3793	24.26	0.00000	0.00000
3793	20.48	0.00000	0.00000
3798	24.26	0.00000	0.00000
3798	24.26	0.00000	0.00000
3798	24.26	0.00000	0.00000
3798	24.26	0.00000	0.00000
3803	23.97	0.00000	0.00000
3803	20.31	0.00000	0.00000
3808	23.97	0.00000	0.00000
3808	23.97	0.00000	0.00000
3808	23.97	0.00000	0.00000
3808	23.97	0.00000	0.00000
3812	23.45	0.00000	0.00000
3812	20.25	0.00000	0.00000
3817	23.74	0.00000	0.00000
3817	23.45	0.00000	0.00000
3817	23.74	0.00000	0.00000
3817	23.74	0.00000	0.00000
3817	23.74	0.00000	0.00000
3822	20.94	0.00000	0.00000
3822	21.16	0.00000	0.00000
3827	23.45	0.00000	0.00000
3827	24.03	0.00000	0.00000
3827	23.45	0.00000	0.00000
3827	23.45	0.00000	0.00000
3827	23.45	0.00000	0.00000
3832	21.74	0.00000	0.00000
3832	23.63	0.00000	0.00000
3832	23.63	0.00000	0.00000
3832	23.63	0.00000	0.00000
3832	21.74	0.00000	0.00000
3832	24.03	0.00000	0.00000
3832	23.63	0.00000	0.00000
3836	21.97	0.00000	0.00000
3841	23.91	0.00000	0.00000
3841	24.03	0.00000	0.00000
3841	24.03	0.00000	0.00000
3841	24.03	0.00000	0.00000
3841	20.48	0.00000	0.00000
3841	24.03	0.00000	0.00000
3846	23.91	0.00000	0.00000
3846	20.48	0.00000	0.00000
3846	21.16	0.00000	0.00000
3851	23.91	0.00000	0.00000
3851	23.91	0.00000	0.00000
3851	23.91	0.00000	0.00000
3851	23.91	0.00000	0.00000
3856	23.91	0.00000	0.00000
3856	23.91	0.00000	0.00000
3856	19.91	0.00000	0.00000
3856	23.45	0.00000	0.00000
3856	19.91	0.00000	0.00000
3856	23.91	0.00000	0.00000
3856	23.91	0.00000	0.00000
3865	23.45	0.00000	0.00000
3865	23.45	0.00000	0.00000
3865	23.45	0.00000	0.00000
3865	23.45	0.00000	0.00000
3865	23.63	0.00000	0.00000
3865	20.08	0.00000	0.00000
3875	23.63	0.00000	0.00000
3875	20.25	0.00000	0.00000
3875	23.63	0.00000	0.00000
3875	23.63	0.00000	0.00000
3875	23.85	0.00000	0.00000
3875	23.63	0.00000	0.00000
3884	23.85	0.00000	0.00000
3884	23.85	0.00000	0.00000
3884	20.42	0.00000	0.00000
3884	23.85	0.00000	0.00000
3884	24.14	0.00000	0.00000
3884	23.85	0.00000	0.00000
3894	20.48	0.00000	0.00000
3894	24.14	0.00000	0.00000
3894	24.25	0.00000	0.00000
3894	24.14	0.00000	0.00000
3894	24.14	0.00000	0.00000
3894	24.14	0.00000	0.00000
3904	24.25	0.00000	0.00000
3904	24.20	0.00000	0.00000
3904	20.48	0.00000	0.00000
3904	24.25	0.00000	0.00000
3904	24.25	0.00000	0.00000
3904	24.25	0.00000	0.00000
3913	24.20	0.00000	0.00000
3913	24.20	0.00000	0.00000
3913	20.48	0.00000	0.00000
3913	24.03	0.00000	0.00000
3913	24.20	0.00000	0.00000
3913	24.20	0.00000	0.00000
3923	24.03	0.00000	0.00000
3923	24.03	0.00000	0.00000
3923	24.08	0.00000	0.00000
3923	24.03	0.00000	0.00000
3923	24.03	0.00000	0.00000
3923	20.48	0.00000	0.00000
3932	24.08	0.00000	0.00000
3932	24.08	0.00000	0.00000
3932	20.48	0.00000	0.00000
3932	24.08	0.00000	0.00000
3932	24.14	0.00000	0.00000
3932	24.08	0.00000	0.00000
3942	24.08	0.00000	0.00000
3942	24.14	0.00000	0.00000
3942	20.42	0.00000	0.00000
3942	24.14	0.00000	0.00000
3942	24.14	0.00000	0.00000
3942	24.14	0.00000	0.00000
3952	24.08	0.00000	0.00000
3952	20.42	0.00000	0.00000
3952	24.08	0.00000	0.00000
3952	24.08	0.00000	0.00000
3952	24.08	0.00000	0.00000
3952	24.08	0.00000	0.00000
3961	24.08	0.00000	0.00000
3961	24.08	0.00000	0.00000
3961	23.91	0.00000	0.00000
3961	20.30	0.00000	0.00000
3961	24.08	0.00000	0.00000
3961	24.08	0.00000	0.00000
3971	23.62	0.00000	0.00000
3971	23.91	0.00000	0.00000
3971	23.91	0.00000	0.00000
3971	23.91	0.00000	0.00000
3971	23.91	0.00000	0.00000
3971	20.13	0.00000	0.00000
3980	23.62	0.00000	0.00000
3980	20.13	0.00000	0.00000
3980	23.62	0.00000	0.00000
3980	23.62	0.00000	0.00000
3980	23.68	0.00000	0.00000
3980	23.62	0.00000	0.00000
3990	23.68	0.00000	0.00000
3990	20.13	0.00000	0.00000
3990	23.74	0.00000	0.00000
3990	23.68	0.00000	0.00000
3990	23.68	0.00000	0.00000
3990	23.68	0.00000	0.00000
4000	23.74	0.00000	0.00000
4000	23.74	0.00000	0.00000
4000	23.74	0.00000	0.00000
4000	20.36	0.00000	0.00000
4000	23.91	0.00000	0.00000
4000	23.74	0.00000	0.00000
4009	23.91	0.00000	0.00000
4009	23.91	0.00000	0.00000
4009	23.91	0.00000	0.00000
4009	20.48	0.00000	0.00000
4009	24.02	0.00000	0.00000
4009	23.91	0.00000	0.00000
4019	24.02	0.00000	0.00000
4019	24.08	0.00000	0.00000
4019	20.53	0.00000	0.00000
4019	24.02	0.00000	0.00000
4019	24.02	0.00000	0.00000
4019	24.02	0.00000	0.00000
4028	23.91	0.00000	0.00000
4028	24.08	0.00000	0.00000
4028	24.08	0.00000	0.00000
4028	24.08	0.00000	0.00000
4028	20.30	0.00000	0.00000
4028	24.08	0.00000	0.00000
4038	23.91	0.00000	0.00000
4038	23.91	0.00000	0.00000
4038	23.68	0.00000	0.00000
4038	20.13	0.00000	0.00000
4038	23.91	0.00000	0.00000
4038	23.91	0.00000	0.00000
4043	23.91	0.00000	0.00000
4043	23.91	0.00000	0.00000
4043	23.91	0.00000	0.00000
4043	23.91	0.00000	0.00000
4048	23.51	0.00000	0.00000
4048	20.02	0.00000	0.00000
4052	23.51	0.00000	0.00000
4052	23.51	0.00000	0.00000
4052	23.51	0.00000	0.00000
4052	23.51	0.00000	0.00000
4057	23.34	0.00000	0.00000
4057	19.96	0.00000	0.00000
4062	23.34	0.00000	0.00000
4062	23.34	0.00000	0.00000
4062	23.34	0.00000	0.00000
4062	23.34	0.00000	0.00000
4067	19.90	0.00000	0.00000
4067	23.28	0.00000	0.00000
4072	23.34	0.00000	0.00000
4072	23.34	0.00000	0.00000
4072	23.34	0.00000	0.00000
4072	23.34	0.00000	0.00000
4072	20.19	0.00000	0.00000
4076	23.22	0.00000	0.00000
4076	20.19	0.00000	0.00000
4081	23.22	0.00000	0.00000
4081	23.22	0.00000	0.00000
4081	23.22	0.00000	0.00000
4081	23.22	0.00000	0.00000
4081	23.22	0.00000	0.00000
4081	23.22	0.00000	0.00000
4081	23.22	0.00000	0.00000
4081	23.22	0.00000	0.00000
4086	20.99	0.00000	0.00000
4086	23.28	0.00000	0.00000
4086	23.22	0.00000	0.00000
4086	23.22	0.00000	0.00000
4086	23.28	0.00000	0.00000
4086	24.08	0.00000	0.00000
4086	23.28	0.00000	0.00000
4086	23.22	0.00000	0.00000
4086	23.22	0.00000	0.00000
4091	22.13	0.00000	0.00000
4091	23.28	0.00000	0.00000
4091	24.54	0.00000	0.00000
4091	22.76	0.00000	0.00000
4091	23.28	0.00000	0.00000
4091	23.28	0.00000	0.00000
4096	25.05	0.00000	0.00000
4096	23.28	0.00000	0.00000
4096	23.28	0.00000	0.00000
4096	23.28	0.00000	0.00000
4096	23.28	0.00000	0.00000
4100	21.45	0.00000	0.00000
4100	23.28	0.00000	0.00000
4100	23.28	0.00000	0.00000
4100	21.45	0.00000	0.00000
4100	23.28	0.00000	0.00000
4100	23.28	0.00000	0.00000
4105	21.45	0.00000	0.00000
4105	21.45	0.00000	0.00000
4110	21.05	0.00000	0.00000
4110	24.65	0.00000	0.00000
4110	24.65	0.00000	0.00000
4110	24.65	0.00000	0.00000
4110	24.65	0.00000	0.00000
4110	24.65	0.00000	0.00000
4110	24.65	0.00000	0.00000
4110	24.65	0.00000	0.00000
4110	24.65	0.00000	0.00000
4115	24.25	0.00000	0.00000
4115	24.65	0.00000	0.00000
4115	24.65	0.00000	0.00000
4115	24.65	0.00000	0.00000
4115	24.65	0.00000	0.00000
4115	20.24	0.00000	0.00000
4115	20.24	0.00000	0.00000
4120	20.24	0.00000	0.00000
4120	20.24	0.00000	0.00000
4120	20.24	0.00000	0.00000
4120	20.24	0.00000	0.00000
4124	23.79	0.00000	0.00000
4124	23.79	0.00000	0.00000
4124	23.79	0.00000	0.00000
4124	23.79	0.00000	0.00000
4129	20.42	0.00000	0.00000
4129	23.79	0.00000	0.00000
4129	20.42	0.00000	0.00000
4134	23.79	0.00000	0.00000
4134	23.79	0.00000	0.00000
4134	23.79	0.00000	0.00000
4134	23.79	0.00000	0.00000
4139	20.47	0.00000	0.00000
4139	20.47	0.00000	0.00000
4144	23.85	0.00000	0.00000
4144	23.85	0.00000	0.00000
4144	23.85	0.00000	0.00000
4144	23.85	0.00000	0.00000
4148	20.36	0.00000	0.00000
4148	20.36	0.00000	0.00000
4153	23.85	0.00000	0.00000
4153	23.85	0.00000	0.00000
4153	23.85	0.00000	0.00000
4153	23.85	0.00000	0.00000
4158	20.47	0.00000	0.00000
4158	20.47	0.00000	0.00000
4163	23.91	0.00000	0.00000
4163	23.91	0.00000	0.00000
4163	23.91	0.00000	0.00000
4163	23.91	0.00000	0.00000
4168	20.53	0.00000	0.00000
4168	20.53	0.00000	0.00000
4172	23.96	0.00000	0.00000
4172	23.96	0.00000	0.00000
4172	23.96	0.00000	0.00000
4172	23.96	0.00000	0.00000
4177	20.59	0.00000	0.00000
4177	20.59	0.00000	0.00000
4182	23.96	0.00000	0.00000
4182	23.96	0.00000	0.00000
4182	23.96	0.00000	0.00000
4182	23.96	0.00000	0.00000
4187	20.36	0.00000	0.00000
4187	20.36	0.00000	0.00000
4192	23.91	0.00000	0.00000
4192	23.91	0.00000	0.00000
4192	23.91	0.00000	0.00000
4192	23.91	0.00000	0.00000
4196	20.36	0.00000	0.00000
4196	20.36	0.00000	0.00000
4201	23.91	0.00000	0.00000
4201	23.91	0.00000	0.00000
4201	23.91	0.00000	0.00000
4201	23.91	0.00000	0.00000
4206	20.41	0.00000	0.00000
4206	20.41	0.00000	0.00000
4211	23.91	0.00000	0.00000
4211	23.91	0.00000	0.00000
4211	23.91	0.00000	0.00000
4211	23.91	0.00000	0.00000
4216	20.41	0.00000	0.00000
4216	20.41	0.00000	0.00000
4220	23.91	0.00000	0.00000
4220	23.91	0.00000	0.00000
4220	23.91	0.00000	0.00000
4220	23.91	0.00000	0.00000
4225	20.41	0.00000	0.00000
4225	20.41	0.00000	0.00000
4230	23.91	0.00000	0.00000
4230	23.91	0.00000	0.00000
4230	23.91	0.00000	0.00000
4230	23.62	0.00000	0.00000
4235	23.91	0.00000	0.00000
4235	20.30	0.00000	0.00000
4235	23.91	0.00000	0.00000
4235	23.62	0.00000	0.00000
4235	23.91	0.00000	0.00000
4235	23.62	0.00000	0.00000
4235	20.30	0.00000	0.00000
4244	20.30	0.00000	0.00000
4244	23.62	0.00000	0.00000
4244	23.62	0.00000	0.00000
4244	20.30	0.00000	0.00000
4244	23.62	0.00000	0.00000
4244	23.62	0.00000	0.00000
4254	23.62	0.00000	0.00000
4254	20.41	0.00000	0.00000
4254	20.41	0.00000	0.00000
4254	23.62	0.00000	0.00000
4254	23.62	0.00000	0.00000
4254	23.62	0.00000	0.00000
4254	23.85	0.00000	0.00000
4254	23.62	0.00000	0.00000
4254	23.62	0.00000	0.00000
4259	23.62	0.00000	0.00000
4259	23.62	0.00000	0.00000
4259	23.62	0.00000	0.00000
4264	20.59	0.00000	0.00000
4264	24.02	0.00000	0.00000
4264	20.59	0.00000	0.00000
4268	24.02	0.00000	0.00000
4268	24.02	0.00000	0.00000
4268	24.02	0.00000	0.00000
4273	20.81	0.00000	0.00000
4273	24.31	0.00000	0.00000
4273	20.81	0.00000	0.00000
4278	24.19	0.00000	0.00000
4278	24.19	0.00000	0.00000
4278	24.19	0.00000	0.00000
4283	20.81	0.00000	0.00000
4283	20.81	0.00000	0.00000
4283	24.25	0.00000	0.00000
4288	24.31	0.00000	0.00000
4288	24.31	0.00000	0.00000
4288	24.31	0.00000	0.00000
4292	20.81	0.00000	0.00000
4292	20.81	0.00000	0.00000
4292	24.25	0.00000	0.00000
4297	24.25	0.00000	0.00000
4297	24.25	0.00000	0.00000
4297	24.25	0.00000	0.00000
4302	20.70	0.00000	0.00000
4302	24.13	0.00000	0.00000
4302	20.70	0.00000	0.00000
4307	24.13	0.00000	0.00000
4307	24.13	0.00000	0.00000
4307	24.13	0.00000	0.00000
4312	20.76	0.00000	0.00000
4312	24.25	0.00000	0.00000
4312	20.76	0.00000	0.00000
4316	24.13	0.00000	0.00000
4316	24.13	0.00000	0.00000
4316	24.13	0.00000	0.00000
4321	24.19	0.00000	0.00000
4321	20.76	0.00000	0.00000
4321	20.76	0.00000	0.00000
4326	24.19	0.00000	0.00000
4326	24.19	0.00000	0.00000
4326	24.19	0.00000	0.00000
4331	20.64	0.00000	0.00000
4331	20.64	0.00000	0.00000
4331	24.08	0.00000	0.00000
4336	24.08	0.00000	0.00000
4336	24.08	0.00000	0.00000
4336	24.08	0.00000	0.00000
4340	20.64	0.00000	0.00000
4340	24.13	0.00000	0.00000
4340	20.64	0.00000	0.00000
4345	24.08	0.00000	0.00000
4345	24.08	0.00000	0.00000
4345	24.08	0.00000	0.00000
4350	24.19	0.00000	0.00000
4350	20.76	0.00000	0.00000
4350	20.76	0.00000	0.00000
4355	24.19	0.00000	0.00000
4355	24.19	0.00000	0.00000
4355	24.19	0.00000	0.00000
4360	20.81	0.00000	0.00000
4360	20.81	0.00000	0.00000
4360	24.19	0.00000	0.00000
4364	24.13	0.00000	0.00000
4364	24.13	0.00000	0.00000
4364	24.13	0.00000	0.00000
4369	20.87	0.00000	0.00000
4369	20.87	0.00000	0.00000
4369	24.25	0.00000	0.00000
4374	24.19	0.00000	0.00000
4374	24.19	0.00000	0.00000
4374	24.19	0.00000	0.00000
4379	20.81	0.00000	0.00000
4379	24.30	0.00000	0.00000
4379	20.81	0.00000	0.00000
4384	24.30	0.00000	0.00000
4384	24.30	0.00000	0.00000
4384	24.30	0.00000	0.00000
4388	24.42	0.00000	0.00000
4388	20.98	0.00000	0.00000
4388	20.98	0.00000	0.00000
4393	24.36	0.00000	0.00000
4393	24.36	0.00000	0.00000
4393	24.36	0.00000	0.00000
4398	21.10	0.00000	0.00000
4398	24.53	0.00000	0.00000
4398	21.10	0.00000	0.00000
4403	24.42	0.00000	0.00000
4403	24.42	0.00000	0.00000
4403	24.42	0.00000	0.00000
4408	21.27	0.00000	0.00000
4408	21.27	0.00000	0.00000
4408	24.65	0.00000	0.00000
4412	24.65	0.00000	0.00000
4412	24.65	0.00000	0.00000
4412	24.65	0.00000	0.00000
4417	21.79	0.00000	0.00000
4417	21.79	0.00000	0.00000
4417	24.65	0.00000	0.00000
4417	24.65	0.00000	0.00000
4417	24.65	0.00000	0.00000
4417	25.11	0.00000	0.00000
4422	21.79	0.00000	0.00000
4422	25.10	0.00000	0.00000
4422	21.79	0.00000	0.00000
4427	25.10	0.00000	0.00000
4427	25.10	0.00000	0.00000
4427	25.10	0.00000	0.00000
4432	21.90	0.00000	0.00000
4432	21.90	0.00000	0.00000
4432	25.39	0.00000	0.00000
4436	25.33	0.00000	0.00000
4436	25.33	0.00000	0.00000
4436	25.33	0.00000	0.00000
4441	25.39	0.00000	0.00000
4441	25.28	0.00000	0.00000
4441	21.84	0.00000	0.00000
4441	25.39	0.00000	0.00000
4441	25.39	0.00000	0.00000
4441	21.84	0.00000	0.00000
4446	25.39	0.00000	0.00000
4446	21.90	0.00000	0.00000
4446	25.39	0.00000	0.00000
4446	25.39	0.00000	0.00000
4446	21.90	0.00000	0.00000
4451	25.10	0.00000	0.00000
4451	21.90	0.00000	0.00000
4451	25.10	0.00000	0.00000
4451	21.90	0.00000	0.00000
4456	25.10	0.00000	0.00000
4456	25.10	0.00000	0.00000
4456	25.10	0.00000	0.00000
4460	25.10	0.00000	0.00000
4460	25.10	0.00000	0.00000
4460	22.81	0.00000	0.00000
4460	25.10	0.00000	0.00000
4460	25.96	0.00000	0.00000
4460	22.81	0.00000	0.00000
4465	22.81	0.00000	0.00000
4465	25.96	0.00000	0.00000
4465	22.81	0.00000	0.00000
4465	22.81	0.00000	0.00000
4465	22.81	0.00000	0.00000
4470	25.96	0.00000	0.00000
4470	25.96	0.00000	0.00000
4470	25.96	0.00000	0.00000
4475	22.81	0.00000	0.00000
4475	26.42	0.00000	0.00000
4475	26.42	0.00000	0.00000
4475	22.81	0.00000	0.00000
4475	25.96	0.00000	0.00000
4475	25.96	0.00000	0.00000
4475	25.96	0.00000	0.00000
4480	22.81	0.00000	0.00000
4480	22.81	0.00000	0.00000
4484	26.42	0.00000	0.00000
4484	26.42	0.00000	0.00000
4484	26.42	0.00000	0.00000
4484	26.42	0.00000	0.00000
4484	26.42	0.00000	0.00000
4484	26.42	0.00000	0.00000
4484	25.91	0.00000	0.00000
4489	21.61	0.00000	0.00000
4489	26.42	0.00000	0.00000
4489	26.42	0.00000	0.00000
4489	21.61	0.00000	0.00000
4489	26.42	0.00000	0.00000
4494	21.61	0.00000	0.00000
4494	21.61	0.00000	0.00000
4494	25.22	0.00000	0.00000
4499	25.22	0.00000	0.00000
4499	25.22	0.00000	0.00000
4499	25.22	0.00000	0.00000
4504	25.22	0.00000	0.00000
4504	25.22	0.00000	0.00000
4504	24.53	0.00000	0.00000
4504	21.04	0.00000	0.00000
4504	25.22	0.00000	0.00000
4504	21.04	0.00000	0.00000
4508	24.76	0.00000	0.00000
4508	24.76	0.00000	0.00000
4508	24.76	0.00000	0.00000
4508	24.53	0.00000	0.00000
4513	20.98	0.00000	0.00000
4513	20.98	0.00000	0.00000
4518	24.53	0.00000	0.00000
4518	24.24	0.00000	0.00000
4518	24.53	0.00000	0.00000
4518	24.53	0.00000	0.00000
4523	20.92	0.00000	0.00000
4523	20.92	0.00000	0.00000
4528	24.24	0.00000	0.00000
4528	24.24	0.00000	0.00000
4528	24.24	0.00000	0.00000
4528	24.24	0.00000	0.00000
4532	20.92	0.00000	0.00000
4532	20.92	0.00000	0.00000
4537	24.24	0.00000	0.00000
4537	24.24	0.00000	0.00000
4537	24.24	0.00000	0.00000
4537	24.24	0.00000	0.00000
4542	20.81	0.00000	0.00000
4542	20.81	0.00000	0.00000
4547	24.24	0.00000	0.00000
4547	24.02	0.00000	0.00000
4547	24.24	0.00000	0.00000
4547	24.24	0.00000	0.00000
4552	20.64	0.00000	0.00000
4552	20.64	0.00000	0.00000
4556	24.02	0.00000	0.00000
4556	24.02	0.00000	0.00000
4556	24.02	0.00000	0.00000
4556	23.84	0.00000	0.00000
4561	20.58	0.00000	0.00000
4561	20.58	0.00000	0.00000
4566	23.79	0.00000	0.00000
4566	23.84	0.00000	0.00000
4566	23.84	0.00000	0.00000
4566	23.84	0.00000	0.00000
4571	20.52	0.00000	0.00000
4571	20.52	0.00000	0.00000
4576	20.52	0.00000	0.00000
4576	20.52	0.00000	0.00000
4576	23.79	0.00000	0.00000
4576	23.79	0.00000	0.00000
4576	23.79	0.00000	0.00000
4576	23.79	0.00000	0.00000
4580	20.52	0.00000	0.00000
4580	20.52	0.00000	0.00000
4585	23.79	0.00000	0.00000
4585	23.79	0.00000	0.00000
4585	23.79	0.00000	0.00000
4585	23.79	0.00000	0.00000
4590	20.58	0.00000	0.00000
4590	20.58	0.00000	0.00000
4595	23.79	0.00000	0.00000
4595	23.79	0.00000	0.00000
4595	23.79	0.00000	0.00000
4595	23.90	0.00000	0.00000
4600	20.58	0.00000	0.00000
4600	20.58	0.00000	0.00000
4604	23.90	0.00000	0.00000
4604	23.84	0.00000	0.00000
4604	23.90	0.00000	0.00000
4604	23.90	0.00000	0.00000
4609	20.64	0.00000	0.00000
4609	20.64	0.00000	0.00000
4614	23.84	0.00000	0.00000
4614	23.84	0.00000	0.00000
4614	23.84	0.00000	0.00000
4614	23.79	0.00000	0.00000
4619	20.64	0.00000	0.00000
4619	20.64	0.00000	0.00000
4624	23.79	0.00000	0.00000
4624	23.79	0.00000	0.00000
4624	23.79	0.00000	0.00000
4624	23.79	0.00000	0.00000
4628	20.64	0.00000	0.00000
4628	20.64	0.00000	0.00000
4633	23.79	0.00000	0.00000
4633	23.67	0.00000	0.00000
4633	23.79	0.00000	0.00000
4633	23.79	0.00000	0.00000
4638	20.75	0.00000	0.00000
4638	23.67	0.00000	0.00000
4638	20.75	-547.1	0.00000
4643	23.67	0.00000	0.00000
4643	23.67	0.00000	0.00000
4643	23.90	0.00000	0.00000
4643	23.67	0.00000	0.00000
4643	23.67	0.00000	0.00000
4643	23.67	0.00000	0.00000
4643	23.67	0.00000	0.00000
4648	22.41	0.00000	0.00000
4648	23.67	0.00000	0.00000
4648	20.92	0.00000	0.00000
4648	24.19	0.00000	0.00000
4648	23.67	0.00000	0.00000
4648	23.67	0.00000	0.00000
4648	24.19	0.00000	0.00000
4652	24.19	0.00000	0.00000
4652	23.04	0.00000	0.00000
4652	24.19	0.00000	0.00000
4652	21.67	0.00000	0.00000
4652	24.82	0.00000	0.00000
4652	24.19	0.00000	0.00000
4657	24.19	0.00000	0.00000
4657	25.73	0.00000	0.00000
4657	24.19	0.00000	0.00000
4657	24.19	0.00000	0.00000
4662	24.19	0.00000	0.00000
4662	24.19	0.00000	0.00000
4662	26.53	0.00000	0.00000
4662	24.19	0.00000	0.00000
4662	27.28	0.00000	0.00000
4662	26.53	0.00000	0.00000
4662	26.53	0.00000	0.00000
4667	26.53	0.00000	0.00000
4667	27.85	0.00000	0.00000
4667	26.53	0.00000	0.00000
4667	28.42	0.00000	0.00000
4667	26.53	0.00000	0.00000
4672	26.53	0.00000	0.00000
4672	24.81	0.00000	0.00000
4672	26.53	0.00000	0.00000
4672	24.81	0.00000	0.00000
4672	26.53	0.00000	0.00000
4672	26.53	0.00000	0.00000
4672	26.53	0.00000	0.00000
4672	27.28	0.00000	0.00000
4672	26.53	0.00000	0.00000
4672	24.81	0.00000	0.00000
4676	24.81	0.00000	0.00000
4676	25.73	0.00000	0.00000
4676	26.53	0.00000	0.00000
4676	26.53	0.00000	0.00000
4676	24.81	0.00000	0.00000
4676	24.81	0.00000	0.00000
4676	26.53	0.00000	0.00000
4681	22.35	0.00000	0.00000
4681	20.75	0.00000	0.00000
4681	24.81	0.00000	0.00000
4686	21.21	0.00000	0.00000
4686	23.61	0.00000	0.00000
4686	21.61	0.00000	0.00000
4686	23.61	0.00000	0.00000
4686	21.21	0.00000	0.00000
4686	21.21	0.00000	0.00000
4686	23.61	0.00000	0.00000
4691	21.21	0.00000	0.00000
4691	23.27	0.00000	0.00000
4691	21.21	0.00000	0.00000
4691	23.27	0.00000	0.00000
4691	23.27	0.00000	0.00000
4691	21.21	0.00000	0.00000
4696	23.27	0.00000	0.00000
4696	23.27	0.00000	0.00000
4696	23.27	0.00000	0.00000
4696	20.41	0.00000	0.00000
4696	23.27	0.00000	0.00000
4696	23.27	0.00000	0.00000
4696	20.41	0.00000	0.00000
4696	23.27	0.00000	0.00000
4696	20.41	0.00000	0.00000
4705	20.29	0.00000	0.00000
4705	20.29	0.00000	0.00000
4705	20.29	0.00000	0.00000
4705	20.29	0.00000	0.00000
4705	23.50	0.00000	0.00000
4705	20.29	0.00000	0.00000
4705	23.50	0.00000	0.00000
4705	20.29	0.00000	0.00000
4705	23.50	0.00000	0.00000
4715	23.61	0.00000	0.00000
4715	23.61	0.00000	0.00000
4715	20.41	0.00000	0.00000
4715	23.61	0.00000	0.00000
4715	20.41	0.00000	0.00000
4715	20.41	0.00000	0.00000
4720	20.41	0.00000	0.00000
4720	20.41	0.00000	0.00000
4720	20.41	0.00000	0.00000
4724	23.73	0.00000	0.00000
4724	23.73	0.00000	0.00000
4724	23.73	0.00000	0.00000
4729	20.81	0.00000	0.00000
4729	20.81	0.00000	0.00000
4729	20.81	0.00000	0.00000
4734	23.73	0.00000	0.00000
4734	23.73	0.00000	0.00000
4734	23.73	0.00000	0.00000
4739	20.81	0.00000	0.00000
4739	20.81	0.00000	0.00000
4739	20.81	0.00000	0.00000
4744	23.67	0.00000	0.00000
4744	23.67	0.00000	0.00000
4744	23.67	0.00000	0.00000
4748	20.64	0.00000	0.00000
4748	20.64	0.00000	0.00000
4748	20.64	0.00000	0.00000
4753	23.61	0.00000	0.00000
4753	23.61	0.00000	0.00000
4753	23.61	0.00000	0.00000
4758	20.52	0.00000	0.00000
4758	20.52	0.00000	0.00000
4758	20.52	0.00000	0.00000
4763	23.55	0.00000	0.00000
4763	23.55	0.00000	0.00000
4763	23.55	0.00000	0.00000
4768	20.58	0.00000	0.00000
4768	20.58	0.00000	0.00000
4768	20.58	0.00000	0.00000
4772	23.55	0.00000	0.00000
4772	23.55	0.00000	0.00000
4772	23.55	0.00000	0.00000
4777	20.58	0.00000	0.00000
4777	20.58	0.00000	0.00000
4777	20.58	0.00000	0.00000
4782	23.67	0.00000	0.00000
4782	23.67	0.00000	0.00000
4782	23.67	0.00000	0.00000
4787	20.63	0.00000	0.00000
4787	20.63	0.00000	0.00000
4787	20.63	0.00000	0.00000
4792	23.61	0.00000	0.00000
4792	23.61	0.00000	0.00000
4792	23.61	0.00000	0.00000
4796	20.63	0.00000	0.00000
4796	20.63	0.00000	0.00000
4796	20.63	0.00000	0.00000
4801	23.61	0.00000	0.00000
4801	23.61	0.00000	0.00000
4801	23.61	0.00000	0.00000
4806	20.63	0.00000	0.00000
4806	20.63	0.00000	0.00000
4806	20.63	0.00000	0.00000
4811	23.61	0.00000	0.00000
4811	23.61	0.00000	0.00000
4811	23.61	0.00000	0.00000
4816	20.69	0.00000	0.00000
4816	20.69	0.00000	0.00000
4816	20.69	0.00000	0.00000
4820	23.78	0.00000	0.00000
4820	23.78	0.00000	0.00000
4820	23.78	0.00000	0.00000
4825	20.81	0.00000	0.00000
4825	20.81	0.00000	0.00000
4825	20.81	0.00000	0.00000
4830	23.72	0.00000	0.00000
4830	23.72	0.00000	0.00000
4830	23.72	0.00000	0.00000
4835	20.98	0.00000	0.00000
4835	20.98	0.00000	0.00000
4835	20.98	0.00000	0.00000
4840	23.67	0.00000	0.00000
4840	23.67	0.00000	0.00000
4840	23.67	0.00000	0.00000
4844	20.81	0.00000	0.00000
4844	20.81	0.00000	0.00000
4844	20.81	0.00000	0.00000
4849	23.44	0.00000	0.00000
4849	23.44	0.00000	0.00000
4849	23.44	0.00000	0.00000
4854	20.63	0.00000	0.00000
4854	20.63	0.00000	0.00000
4854	20.63	0.00000	0.00000
4859	23.38	0.00000	0.00000
4859	23.38	0.00000	0.00000
4859	23.38	0.00000	0.00000
4864	20.58	0.00000	0.00000
4864	20.58	0.00000	0.00000
4864	20.58	0.00000	0.00000
4868	23.44	0.00000	0.00000
4868	23.44	0.00000	0.00000
4868	23.44	0.00000	0.00000
4873	20.63	0.00000	0.00000
4873	20.63	0.00000	0.00000
4873	20.63	0.00000	0.00000
4878	23.55	0.00000	0.00000
4878	23.55	0.00000	0.00000
4878	23.55	0.00000	0.00000
4883	20.69	0.00000	0.00000
4883	20.69	0.00000	0.00000
4883	20.69	0.00000	0.00000
4888	23.44	0.00000	0.00000
4888	23.44	0.00000	0.00000
4888	23.44	0.00000	0.00000
4892	20.63	0.00000	0.00000
4892	20.63	0.00000	0.00000
4892	20.63	0.00000	0.00000
4897	23.38	0.00000	0.00000
4897	23.38	0.00000	0.00000
4897	23.38	0.00000	0.00000
4902	20.46	0.00000	0.00000
4902	20.46	0.00000	0.00000
4902	20.46	0.00000	0.00000
4907	23.44	0.00000	0.00000
4907	23.44	0.00000	0.00000
4907	23.44	0.00000	0.00000
4912	20.52	0.00000	0.00000
4912	20.52	0.00000	0.00000
4912	20.52	0.00000	0.00000
4916	23.55	0.00000	0.00000
4916	23.55	0.00000	0.00000
4916	23.55	0.00000	0.00000
4921	20.58	0.00000	0.00000
4921	20.58	0.00000	0.00000
4921	20.58	0.00000	0.00000
4926	23.55	0.00000	0.00000
4926	23.55	0.00000	0.00000
4926	23.55	0.00000	0.00000
4931	20.75	0.00000	0.00000
4931	20.75	0.00000	0.00000
4931	20.75	0.00000	0.00000
4936	23.67	0.00000	0.00000
4936	23.67	0.00000	0.00000
4936	23.67	0.00000	0.00000
4940	20.80	0.00000	0.00000
4940	20.80	0.00000	0.00000
4940	20.80	0.00000	0.00000
4945	23.72	0.00000	0.00000
4945	23.72	0.00000	0.00000
4945	23.72	0.00000	0.00000
4950	20.80	0.00000	0.00000
4950	20.80	0.00000	0.00000
4950	20.80	0.00000	0.00000
4955	23.67	0.00000	0.00000
4955	23.67	0.00000	0.00000
4955	23.67	0.00000	0.00000
4960	20.86	0.00000	0.00000
4960	20.86	0.00000	0.00000
4960	20.86	0.00000	0.00000
4964	23.67	0.00000	0.00000
4964	23.67	0.00000	0.00000
4964	23.67	0.00000	0.00000
4969	20.86	0.00000	0.00000
4969	20.86	0.00000	0.00000
4969	20.86	0.00000	0.00000
4974	23.67	0.00000	0.00000
4974	23.67	0.00000	0.00000
4974	23.67	0.00000	0.00000
4979	20.92	0.00000	0.00000
4979	20.92	0.00000	0.00000
4979	20.92	0.00000	0.00000
4984	23.72	0.00000	0.00000
4984	23.72	0.00000	0.00000
4984	23.72	0.00000	0.00000
4988	20.80	0.00000	0.00000
4988	20.80	0.00000	0.00000
4988	20.80	0.00000	0.00000
4993	23.55	0.00000	0.00000
4993	23.55	0.00000	0.00000
4993	23.55	0.00000	0.00000
4998	20.92	0.00000	0.00000
4998	20.92	0.00000	0.00000
4998	20.92	0.00000	0.00000
5003	23.49	0.00000	0.00000
5003	23.49	0.00000	0.00000
5003	23.49	0.00000	0.00000
5008	21.09	0.00000	0.00000
5008	21.09	0.00000	0.00000
5008	21.09	0.00000	0.00000
5012	23.55	0.00000	0.00000
5012	23.55	0.00000	0.00000
5012	23.55	0.00000	0.00000
5017	20.80	0.00000	0.00000
5017	20.80	0.00000	0.00000
5017	20.80	0.00000	0.00000
5022	23.84	0.00000	0.00000
5022	23.84	0.00000	0.00000
5022	23.84	0.00000	0.00000
5027	20.97	0.00000	0.00000
5027	20.97	0.00000	0.00000
5027	20.97	0.00000	0.00000
5032	23.78	0.00000	0.00000
5032	23.78	0.00000	0.00000
5032	23.78	0.00000	0.00000
5036	21.09	0.00000	0.00000
5036	21.09	0.00000	0.00000
5036	21.09	0.00000	0.00000
5041	23.89	0.00000	0.00000
5041	23.89	0.00000	0.00000
5041	23.89	0.00000	0.00000
5046	21.09	0.00000	0.00000
5046	21.09	0.00000	0.00000
5046	21.09	0.00000	0.00000
5051	24.24	0.00000	0.00000
5051	24.24	0.00000	0.00000
5051	24.24	0.00000	0.00000
5056	21.20	0.00000	0.00000
5056	21.20	0.00000	0.00000
5056	21.20	0.00000	0.00000
5060	24.24	0.00000	0.00000
5060	24.24	0.00000	0.00000
5060	24.24	0.00000	0.00000
5065	21.37	0.00000	0.00000
5065	21.37	0.00000	0.00000
5065	21.37	0.00000	0.00000
5070	24.29	0.00000	0.00000
5070	24.29	0.00000	0.00000
5070	24.29	0.00000	0.00000
5075	21.49	0.00000	0.00000
5075	21.49	0.00000	0.00000
5075	21.49	0.00000	0.00000
5080	24.35	0.00000	0.00000
5080	24.35	0.00000	0.00000
5080	24.35	0.00000	0.00000
5084	21.49	0.00000	0.00000
5084	21.49	0.00000	0.00000
5084	21.49	0.00000	0.00000
5089	24.41	0.00000	0.00000
5089	24.41	0.00000	0.00000
5089	24.41	0.00000	0.00000
5094	21.49	0.00000	0.00000
5094	21.49	0.00000	0.00000
5094	21.49	0.00000	0.00000
5094	21.49	0.00000	0.00000
5094	21.49	0.00000	0.00000
5094	21.49	0.00000	0.00000
5099	24.29	0.00000	0.00000
5099	24.29	0.00000	0.00000
5099	24.29	0.00000	0.00000
5099	24.29	0.00000	0.00000
5099	24.29	0.00000	0.00000
5099	24.29	0.00000	0.00000
5104	21.55	0.00000	0.00000
5104	21.55	0.00000	0.00000
5104	21.55	0.00000	0.00000
5108	24.35	0.00000	0.00000
5108	24.35	0.00000	0.00000
5108	24.35	0.00000	0.00000
5113	21.60	0.00000	0.00000
5113	21.60	0.00000	0.00000
5113	21.60	0.00000	0.00000
5118	24.58	0.00000	0.00000
5118	24.58	0.00000	0.00000
5118	24.58	0.00000	0.00000
5123	21.66	0.00000	0.00000
5123	21.66	0.00000	0.00000
5123	21.66	0.00000	0.00000
5128	24.75	0.00000	0.00000
5128	24.75	0.00000	0.00000
5128	24.75	0.00000	0.00000
5132	21.89	0.00000	0.00000
5132	21.89	0.00000	0.00000
5132	21.89	0.00000	0.00000
5137	24.81	0.00000	0.00000
5137	24.81	0.00000	0.00000
5137	24.81	0.00000	0.00000
5142	21.95	0.00000	0.00000
5142	21.95	0.00000	0.00000
5142	21.95	0.00000	0.00000
5147	24.92	0.00000	0.00000
5147	24.92	0.00000	0.00000
5147	24.92	0.00000	0.00000
5152	22.00	0.00000	0.00000
5152	22.00	0.00000	0.00000
5152	22.00	0.00000	0.00000
5156	24.98	0.00000	0.00000
5156	24.98	0.00000	0.00000
5156	24.98	0.00000	0.00000
5161	22.17	0.00000	0.00000
5161	22.17	0.00000	0.00000
5161	22.17	0.00000	0.00000
5166	24.64	0.00000	0.00000
5166	24.64	0.00000	0.00000
5166	24.64	0.00000	0.00000
5171	22.17	0.00000	0.00000
5171	22.17	0.00000	0.00000
5171	22.17	0.00000	0.00000
5176	24.64	0.00000	0.00000
5176	24.64	0.00000	0.00000
5176	24.64	0.00000	0.00000
5180	22.00	0.00000	0.00000
5180	22.00	0.00000	0.00000
5180	22.00	0.00000	0.00000
5185	24.58	0.00000	0.00000
5185	24.58	0.00000	0.00000
5185	24.58	0.00000	0.00000
5190	21.89	0.00000	0.00000
5190	21.89	0.00000	0.00000
5190	21.89	0.00000	0.00000
5195	24.81	0.00000	0.00000
5195	24.81	0.00000	0.00000
5195	24.81	0.00000	0.00000
5200	21.89	0.00000	0.00000
5200	21.89	0.00000	0.00000
5200	21.89	0.00000	0.00000
5204	24.92	0.00000	0.00000
5204	24.92	0.00000	0.00000
5204	24.92	0.00000	0.00000
5209	22.00	0.00000	0.00000
5209	24.81	0.00000	0.00000
5209	24.81	0.00000	0.00000
5209	24.81	0.00000	0.00000
5209	22.00	0.00000	0.00000
5209	22.00	0.00000	0.00000
5219	24.86	0.00000	0.00000
5219	22.17	0.00000	0.00000
5219	24.86	0.00000	0.00000
5219	22.17	0.00000	0.00000
5219	22.17	0.00000	0.00000
5219	24.86	0.00000	0.00000
5228	22.17	0.00000	0.00000
5228	22.17	0.00000	0.00000
5228	22.17	0.00000	0.00000
5228	24.98	0.00000	0.00000
5228	24.98	0.00000	0.00000
5228	24.98	0.00000	0.00000
5238	22.17	0.00000	0.00000
5238	22.17	0.00000	0.00000
5238	22.17	0.00000	0.00000
5238	25.03	0.00000	0.00000
5238	25.03	0.00000	0.00000
5238	25.03	0.00000	0.00000
5248	22.34	0.00000	0.00000
5248	22.34	0.00000	0.00000
5248	22.34	0.00000	0.00000
5248	25.03	0.00000	0.00000
5248	25.03	0.00000	0.00000
5248	25.03	0.00000	0.00000
5257	25.03	0.00000	0.00000
5257	22.34	0.00000	0.00000
5257	25.03	0.00000	0.00000
5257	22.34	0.00000	0.00000
5257	25.03	0.00000	0.00000
5257	22.34	0.00000	0.00000
5267	25.09	0.00000	0.00000
5267	22.34	0.00000	0.00000
5267	22.34	0.00000	0.00000
5267	25.09	0.00000	0.00000
5267	25.09	0.00000	0.00000
5267	22.34	0.00000	0.00000
5276	24.98	0.00000	0.00000
5276	22.34	0.00000	0.00000
5276	24.98	0.00000	0.00000
5276	24.98	0.00000	0.00000
5276	22.34	0.00000	0.00000
5276	22.34	0.00000	0.00000
5286	24.92	0.00000	0.00000
5286	22.29	0.00000	0.00000
5286	24.92	0.00000	0.00000
5286	24.92	0.00000	0.00000
5286	22.29	0.00000	0.00000
5286	22.29	0.00000	0.00000
5296	24.86	0.00000	0.00000
5296	22.23	0.00000	0.00000
5296	24.86	0.00000	0.00000
5296	22.23	0.00000	0.00000
5296	24.86	0.00000	0.00000
5296	22.23	0.00000	0.00000
5305	22.11	0.00000	0.00000
5305	24.75	0.00000	0.00000
5305	22.11	0.00000	0.00000
5305	24.75	0.00000	0.00000
5305	22.11	0.00000	0.00000
5305	24.75	0.00000	0.00000
5315	24.80	0.00000	0.00000
5315	22.06	0.00000	0.00000
5315	24.80	0.00000	0.00000
5315	24.80	0.00000	0.00000
5315	22.06	0.00000	0.00000
5315	22.06	0.00000	0.00000
5324	22.11	0.00000	0.00000
5324	22.11	0.00000	0.00000
5324	24.92	0.00000	0.00000
5324	22.11	0.00000	0.00000
5324	24.92	0.00000	0.00000
5324	24.92	0.00000	0.00000
5334	22.23	0.00000	0.00000
5334	24.98	0.00000	0.00000
5334	22.23	0.00000	0.00000
5334	24.98	0.00000	0.00000
5334	22.23	0.00000	0.00000
5334	24.98	0.00000	0.00000
5344	22.34	0.00000	0.00000
5344	22.34	0.00000	0.00000
5344	25.03	0.00000	0.00000
5344	22.34	0.00000	0.00000
5344	25.03	0.00000	0.00000
5344	25.03	0.00000	0.00000
5353	22.34	0.00000	0.00000
5353	25.09	0.00000	0.00000
5353	22.34	0.00000	0.00000
5353	22.34	0.00000	0.00000
5353	25.09	0.00000	0.00000
5353	25.09	0.00000	0.00000
5363	25.03	0.00000	0.00000
5363	22.40	0.00000	0.00000
5363	25.03	0.00000	0.00000
5363	25.03	0.00000	0.00000
5363	22.40	0.00000	0.00000
5363	22.40	0.00000	0.00000
5372	22.34	0.00000	0.00000
5372	25.03	0.00000	0.00000
5372	22.34	0.00000	0.00000
5372	25.03	0.00000	0.00000
5372	22.34	0.00000	0.00000
5372	25.03	0.00000	0.00000
5382	25.09	0.00000	0.00000
5382	22.34	0.00000	0.00000
5382	25.09	0.00000	0.00000
5382	22.34	0.00000	0.00000
5382	22.34	0.00000	0.00000
5382	25.09	0.00000	0.00000
5392	25.03	0.00000	0.00000
5392	25.03	0.00000	0.00000
5392	22.34	0.00000	0.00000
5392	25.03	0.00000	0.00000
5392	22.34	0.00000	0.00000
5392	22.34	0.00000	0.00000
5401	22.40	0.00000	0.00000
5401	25.03	0.00000	0.00000
5401	22.40	0.00000	0.00000
5401	25.03	0.00000	0.00000
5401	25.03	0.00000	0.00000
5401	22.40	0.00000	0.00000
5411	25.09	0.00000	0.00000
5411	22.34	0.00000	0.00000
5411	22.34	0.00000	0.00000
5411	25.09	0.00000	0.00000
5411	22.34	0.00000	0.00000
5411	25.09	0.00000	0.00000
5420	22.40	0.00000	0.00000
5420	25.20	0.00000	0.00000
5420	25.20	0.00000	0.00000
5420	22.40	0.00000	0.00000
5420	25.20	0.00000	0.00000
5420	22.40	0.00000	0.00000
5430	22.46	0.00000	0.00000
5430	22.46	0.00000	0.00000
5430	22.46	0.00000	0.00000
5430	25.15	0.00000	0.00000
5430	25.15	0.00000	0.00000
5430	25.15	0.00000	0.00000
5440	22.46	0.00000	0.00000
5440	22.46	0.00000	0.00000
5440	25.20	0.00000	0.00000
5440	25.20	0.00000	0.00000
5440	22.46	0.00000	0.00000
5440	25.20	0.00000	0.00000
5449	25.09	0.00000	0.00000
5449	25.09	0.00000	0.00000
5449	22.51	0.00000	0.00000
5449	22.51	0.00000	0.00000
5449	25.09	0.00000	0.00000
5449	22.51	0.00000	0.00000
5454	22.51	0.00000	0.00000
5454	22.51	0.00000	0.00000
5454	22.51	0.00000	0.00000
5459	22.51	0.00000	0.00000
5459	22.51	0.00000	0.00000
5459	22.51	0.00000	0.00000
5459	24.97	0.00000	0.00000
5459	24.97	0.00000	0.00000
5459	24.97	0.00000	0.00000
5468	22.46	0.00000	0.00000
5468	22.46	0.00000	0.00000
5468	25.03	0.00000	0.00000
5468	22.46	0.00000	0.00000
5468	25.03	0.00000	0.00000
5468	25.03	0.00000	0.00000
5478	25.09	0.00000	0.00000
5478	25.09	0.00000	0.00000
5478	22.40	0.00000	0.00000
5478	25.09	0.00000	0.00000
5478	22.40	0.00000	0.00000
5478	22.40	0.00000	0.00000
5488	24.97	0.00000	0.00000
5488	22.40	0.00000	0.00000
5488	22.40	0.00000	0.00000
5488	24.97	0.00000	0.00000
5488	22.40	0.00000	0.00000
5488	24.97	0.00000	0.00000
5497	22.40	0.00000	0.00000
5497	22.40	0.00000	0.00000
5497	24.92	0.00000	0.00000
5497	22.40	0.00000	0.00000
5497	24.92	0.00000	0.00000
5497	24.92	0.00000	0.00000
5507	24.80	0.00000	0.00000
5507	24.80	0.00000	0.00000
5507	22.34	0.00000	0.00000
5507	24.80	0.00000	0.00000
5507	22.34	0.00000	0.00000
5507	22.34	0.00000	0.00000
5516	24.74	0.00000	0.00000
5516	24.74	0.00000	0.00000
5516	22.28	0.00000	0.00000
5516	22.28	0.00000	0.00000
5516	24.74	0.00000	0.00000
5516	22.28	0.00000	0.00000
5526	24.63	0.00000	0.00000
5526	22.23	0.00000	0.00000
5526	22.23	0.00000	0.00000
5526	24.63	0.00000	0.00000
5526	24.63	0.00000	0.00000
5526	22.23	0.00000	0.00000
5536	24.57	0.00000	0.00000
5536	22.17	0.00000	0.00000
5536	24.57	0.00000	0.00000
5536	22.17	0.00000	0.00000
5536	22.17	0.00000	0.00000
5536	24.57	0.00000	0.00000
5545	24.57	0.00000	0.00000
5545	22.05	0.00000	0.00000
5545	24.57	0.00000	0.00000
5545	22.05	0.00000	0.00000
5545	22.05	0.00000	0.00000
5545	24.57	0.00000	0.00000
5555	22.05	0.00000	0.00000
5555	22.05	0.00000	0.00000
5555	24.69	0.00000	0.00000
5555	22.05	0.00000	0.00000
5555	24.69	0.00000	0.00000
5555	24.69	0.00000	0.00000
5564	22.17	0.00000	0.00000
5564	24.74	0.00000	0.00000
5564	22.17	0.00000	0.00000
5564	24.74	0.00000	0.00000
5564	24.74	0.00000	0.00000
5564	22.17	0.00000	0.00000
5574	24.74	0.00000	0.00000
5574	22.17	0.00000	0.00000
5574	22.17	0.00000	0.00000
5574	24.74	0.00000	0.00000
5574	22.17	0.00000	0.00000
5574	24.74	0.00000	0.00000
5584	22.17	0.00000	0.00000
5584	24.86	0.00000	0.00000
5584	24.86	0.00000	0.00000
5584	22.17	0.00000	0.00000
5584	22.17	0.00000	0.00000
5584	24.86	0.00000	0.00000
5593	22.34	0.00000	0.00000
5593	24.97	0.00000	0.00000
5593	24.97	0.00000	0.00000
5593	22.34	0.00000	0.00000
5593	22.34	0.00000	0.00000
5593	24.97	0.00000	0.00000
5603	25.09	0.00000	0.00000
5603	22.45	0.00000	0.00000
5603	22.45	0.00000	0.00000
5603	25.09	0.00000	0.00000
5603	22.45	0.00000	0.00000
5603	25.09	0.00000	0.00000
5612	25.20	0.00000	0.00000
5612	22.57	0.00000	0.00000
5612	25.20	0.00000	0.00000
5612	22.57	0.00000	0.00000
5612	25.20	0.00000	0.00000
5612	22.57	0.00000	0.00000
5622	22.68	0.00000	0.00000
5622	22.68	0.00000	0.00000
5622	22.68	0.00000	0.00000
5622	25.20	0.00000	0.00000
5622	25.20	0.00000	0.00000
5622	25.20	0.00000	0.00000
5632	25.20	0.00000	0.00000
5632	25.20	0.00000	0.00000
5632	22.68	0.00000	0.00000
5632	22.68	0.00000	0.00000
5632	22.68	0.00000	0.00000
5632	25.20	0.00000	0.00000
5641	22.74	0.00000	0.00000
5641	25.26	0.00000	0.00000
5641	25.26	0.00000	0.00000
5641	25.26	0.00000	0.00000
5641	22.74	0.00000	0.00000
5641	22.74	0.00000	0.00000
5651	22.74	0.00000	0.00000
5651	22.74	0.00000	0.00000
5651	25.14	0.00000	0.00000
5651	22.74	0.00000	0.00000
5651	25.14	0.00000	0.00000
5651	25.14	0.00000	0.00000
5660	25.03	0.00000	0.00000
5660	25.03	0.00000	0.00000
5660	25.03	0.00000	0.00000
5660	22.68	0.00000	0.00000
5660	22.68	0.00000	0.00000
5660	25.03	0.00000	0.00000
5660	22.68	0.00000	0.00000
5660	25.03	0.00000	0.00000
5660	25.03	0.00000	0.00000
5670	22.62	0.00000	0.00000
5670	22.62	0.00000	0.00000
5670	25.09	0.00000	0.00000
5670	22.62	0.00000	0.00000
5670	25.09	0.00000	0.00000
5670	25.09	0.00000	0.00000
5680	25.26	0.00000	0.00000
5680	25.26	0.00000	0.00000
5680	25.26	0.00000	0.00000
5680	22.62	0.00000	0.00000
5680	22.62	0.00000	0.00000
5680	22.62	0.00000	0.00000
5684	22.62	0.00000	0.00000
5684	22.62	0.00000	0.00000
5684	22.62	0.00000	0.00000
5689	25.37	0.00000	0.00000
5689	25.37	0.00000	0.00000
5689	25.37	0.00000	0.00000
5694	22.91	0.00000	0.00000
5694	22.91	0.00000	0.00000
5694	22.91	0.00000	0.00000
5699	25.54	0.00000	0.00000
5699	25.54	0.00000	0.00000
5699	25.54	0.00000	0.00000
5704	23.02	0.00000	0.00000
5704	23.02	0.00000	0.00000
5704	23.02	0.00000	0.00000
5708	25.60	0.00000	0.00000
5708	25.60	0.00000	0.00000
5708	25.60	0.00000	0.00000
5713	23.02	0.00000	0.00000
5713	23.02	0.00000	0.00000
5713	23.02	0.00000	0.00000
5718	25.60	0.00000	0.00000
5718	25.60	0.00000	0.00000
5718	25.60	0.00000	0.00000
5723	23.08	0.00000	0.00000
5723	23.08	0.00000	0.00000
5723	23.08	0.00000	0.00000
5728	25.54	0.00000	0.00000
5728	25.54	0.00000	0.00000
5728	25.54	0.00000	0.00000
5732	23.08	0.00000	0.00000
5732	23.08	0.00000	0.00000
5732	23.08	0.00000	0.00000
5737	23.08	0.00000	0.00000
5737	23.08	0.00000	0.00000
5737	25.43	0.00000	0.00000
5737	25.43	0.00000	0.00000
5737	23.08	0.00000	0.00000
5737	25.43	0.00000	0.00000
5742	23.08	0.00000	0.00000
5742	23.08	0.00000	0.00000
5742	23.08	0.00000	0.00000
5747	25.26	0.00000	0.00000
5747	25.26	0.00000	0.00000
5747	25.26	0.00000	0.00000
5752	22.97	0.00000	0.00000
5752	22.97	0.00000	0.00000
5752	22.97	0.00000	0.00000
5756	22.97	0.00000	0.00000
5756	25.77	0.00000	0.00000
5756	25.77	0.00000	0.00000
5756	22.97	0.00000	0.00000
5756	22.97	0.00000	0.00000
5756	25.77	0.00000	0.00000
5761	25.77	0.00000	0.00000
5761	25.77	0.00000	0.00000
5761	25.77	0.00000	0.00000
5761	25.77	0.00000	0.00000
5761	25.77	0.00000	0.00000
5761	25.77	0.00000	0.00000
5766	24.11	0.00000	0.00000
5766	24.11	0.00000	0.00000
5766	24.11	0.00000	0.00000
5771	26.11	0.00000	0.00000
5771	24.11	0.00000	0.00000
5771	24.11	0.00000	0.00000
5771	24.51	0.00000	0.00000
5771	24.11	0.00000	0.00000
5771	24.51	0.00000	0.00000
5771	24.51	0.00000	0.00000
5771	24.51	0.00000	0.00000
5771	24.51	0.00000	0.00000
5771	24.51	0.00000	0.00000
5776	24.51	0.00000	0.00000
5776	24.51	0.00000	0.00000
5776	24.51	0.00000	0.00000
5780	24.51	0.00000	0.00000
5780	24.51	0.00000	0.00000
5780	21.88	0.00000	0.00000
5780	24.51	0.00000	0.00000
5780	25.71	0.00000	0.00000
5780	24.51	0.00000	0.00000
5780	24.51	0.00000	0.00000
5780	24.51	0.00000	0.00000
5785	23.65	0.00000	0.00000
5785	23.65	0.00000	0.00000
5785	24.51	0.00000	0.00000
5785	24.51	0.00000	0.00000
5785	23.65	0.00000	0.00000
5785	23.25	0.00000	0.00000
5785	23.65	0.00000	0.00000
5785	24.51	0.00000	0.00000
5785	23.65	0.00000	0.00000
5785	23.65	0.00000	0.00000
5795	23.65	0.00000	0.00000
5795	24.11	0.00000	0.00000
5795	24.11	0.00000	0.00000
5795	23.65	0.00000	0.00000
5795	21.42	0.00000	0.00000
5795	23.65	0.00000	0.00000
5795	23.65	0.00000	0.00000
5795	24.11	0.00000	0.00000
5795	21.42	0.00000	0.00000
5800	23.65	0.00000	0.00000
5800	24.85	0.00000	0.00000
5800	21.88	0.00000	0.00000
5800	23.65	0.00000	0.00000
5800	21.42	0.00000	0.00000
5800	24.85	0.00000	0.00000
5800	24.85	0.00000	0.00000
5804	24.85	0.00000	0.00000
5804	24.85	0.00000	0.00000
5804	24.85	0.00000	0.00000
5809	24.85	0.00000	0.00000
5809	22.56	0.00000	0.00000
5809	24.85	0.00000	0.00000
5814	24.85	0.00000	0.00000
5814	25.08	0.00000	0.00000
5814	24.85	0.00000	0.00000
5814	22.56	0.00000	0.00000
5814	25.08	0.00000	0.00000
5814	25.08	0.00000	0.00000
5819	25.14	0.00000	0.00000
5819	22.85	0.00000	0.00000
5819	25.14	0.00000	0.00000
5824	25.20	0.00000	0.00000
5824	25.20	0.00000	0.00000
5824	25.20	0.00000	0.00000
5828	22.79	0.00000	0.00000
5828	25.08	0.00000	0.00000
5828	25.08	0.00000	0.00000
5833	25.25	0.00000	0.00000
5833	25.25	0.00000	0.00000
5833	25.25	0.00000	0.00000
5838	22.96	0.00000	0.00000
5838	22.96	0.00000	0.00000
5838	25.25	0.00000	0.00000
5838	25.25	0.00000	0.00000
5843	25.08	0.00000	0.00000
5843	25.08	0.00000	0.00000
5843	25.08	0.00000	0.00000
5848	22.85	0.00000	0.00000
5848	25.14	0.00000	0.00000
5848	25.14	0.00000	0.00000
5852	25.08	0.00000	0.00000
5852	25.08	0.00000	0.00000
5852	25.08	0.00000	0.00000
5857	25.08	0.00000	0.00000
5857	22.74	0.00000	0.00000
5857	25.08	0.00000	0.00000
5862	25.14	0.00000	0.00000
5862	25.14	0.00000	0.00000
5862	25.14	0.00000	0.00000
5867	25.14	0.00000	0.00000
5867	25.14	0.00000	0.00000
5867	22.85	0.00000	0.00000
5872	25.08	0.00000	0.00000
5872	25.08	0.00000	0.00000
5872	25.08	0.00000	0.00000
5876	25.14	0.00000	0.00000
5876	22.85	0.00000	0.00000
5876	25.14	0.00000	0.00000
5881	25.08	0.00000	0.00000
5881	25.08	0.00000	0.00000
5881	25.08	0.00000	0.00000
5886	25.08	0.00000	0.00000
5886	25.08	0.00000	0.00000
5886	22.85	0.00000	0.00000
5891	25.08	0.00000	0.00000
5891	25.08	0.00000	0.00000
5891	25.08	0.00000	0.00000
5896	22.85	0.00000	0.00000
5896	25.08	0.00000	0.00000
5896	25.08	0.00000	0.00000
5900	25.14	0.00000	0.00000
5900	25.14	0.00000	0.00000
5900	25.14	0.00000	0.00000
5905	25.20	0.00000	0.00000
5905	22.85	0.00000	0.00000
5905	25.20	0.00000	0.00000
5910	25.08	0.00000	0.00000
5910	25.08	0.00000	0.00000
5910	25.08	0.00000	0.00000
5915	22.85	0.00000	0.00000
5915	25.14	0.00000	0.00000
5915	25.14	0.00000	0.00000
5920	24.97	0.00000	0.00000
5920	24.97	0.00000	0.00000
5920	24.97	0.00000	0.00000
5924	22.73	0.00000	0.00000
5924	24.97	0.00000	0.00000
5924	24.97	0.00000	0.00000
5929	25.14	0.00000	0.00000
5929	25.14	0.00000	0.00000
5929	25.14	0.00000	0.00000
5934	22.91	0.00000	0.00000
5934	25.02	0.00000	0.00000
5934	25.02	0.00000	0.00000
5939	25.25	0.00000	0.00000
5939	25.25	0.00000	0.00000
5939	25.25	0.00000	0.00000
5944	25.14	0.00000	0.00000
5944	23.02	0.00000	0.00000
5944	25.14	0.00000	0.00000
5948	25.25	0.00000	0.00000
5948	25.25	0.00000	0.00000
5948	25.25	0.00000	0.00000
5953	23.02	0.00000	0.00000
5953	25.25	0.00000	0.00000
5953	25.25	0.00000	0.00000
5958	25.31	0.00000	0.00000
5958	25.31	0.00000	0.00000
5958	25.31	0.00000	0.00000
5963	23.02	0.00000	0.00000
5963	25.31	0.00000	0.00000
5963	25.31	0.00000	0.00000
5968	25.25	0.00000	0.00000
5968	25.25	0.00000	0.00000
5968	25.25	0.00000	0.00000
5972	23.19	0.00000	0.00000
5972	25.31	0.00000	0.00000
5972	25.31	0.00000	0.00000
5977	25.31	0.00000	0.00000
5977	23.19	0.00000	0.00000
5977	25.31	0.00000	0.00000
5977	25.31	0.00000	0.00000
5982	25.31	0.00000	0.00000
5982	23.19	0.00000	0.00000
5982	25.31	0.00000	0.00000
5987	25.42	0.00000	0.00000
5987	25.42	0.00000	0.00000
5987	25.42	0.00000	0.00000
5987	25.42	0.00000	0.00000
5987	25.42	0.00000	0.00000
5987	25.42	0.00000	0.00000
5992	25.42	0.00000	0.00000
5992	23.19	0.00000	0.00000
5992	25.42	0.00000	0.00000
5996	25.42	0.00000	0.00000
5996	25.42	0.00000	0.00000
5996	25.42	0.00000	0.00000
6001	23.19	0.00000	0.00000
6001	25.42	0.00000	0.00000
6001	25.42	0.00000	0.00000
6006	25.42	0.00000	0.00000
6006	25.42	0.00000	0.00000
6006	25.42	0.00000	0.00000
6011	25.42	0.00000	0.00000
6011	25.42	0.00000	0.00000
6011	23.19	0.00000	0.00000
6011	25.42	0.00000	0.00000
6011	25.42	0.00000	0.00000
6016	25.31	0.00000	0.00000
6016	25.31	0.00000	0.00000
6016	25.31	0.00000	0.00000
6020	25.31	0.00000	0.00000
6020	25.31	0.00000	0.00000
6020	23.19	0.00000	0.00000
6025	25.37	0.00000	0.00000
6025	25.37	0.00000	0.00000
6025	25.37	0.00000	0.00000
6030	25.19	0.00000	0.00000
6030	25.31	0.00000	0.00000
6030	23.08	0.00000	0.00000
6030	25.31	0.00000	0.00000
6030	25.19	0.00000	0.00000
6030	25.19	0.00000	0.00000
6040	25.19	0.00000	0.00000
6040	25.19	0.00000	0.00000
6040	25.14	0.00000	0.00000
6040	25.14	0.00000	0.00000
6040	23.02	0.00000	0.00000
6040	25.14	0.00000	0.00000
6049	25.14	0.00000	0.00000
6049	23.02	0.00000	0.00000
6049	25.14	0.00000	0.00000
6049	25.14	0.00000	0.00000
6049	25.14	0.00000	0.00000
6049	25.14	0.00000	0.00000
6059	25.14	0.00000	0.00000
6059	25.08	0.00000	0.00000
6059	23.02	0.00000	0.00000
6059	25.08	0.00000	0.00000
6059	25.14	0.00000	0.00000
6059	25.08	0.00000	0.00000
6068	25.08	0.00000	0.00000
6068	25.08	0.00000	0.00000
6068	24.85	0.00000	0.00000
6068	22.90	0.00000	0.00000
6068	24.85	0.00000	0.00000
6068	24.85	0.00000	0.00000
6078	22.73	0.00000	0.00000
6078	24.56	0.00000	0.00000
6078	24.56	0.00000	0.00000
6078	24.85	0.00000	0.00000
6078	24.85	0.00000	0.00000
6078	24.56	0.00000	0.00000
6088	22.56	0.00000	0.00000
6088	24.56	0.00000	0.00000
6088	24.56	0.00000	0.00000
6088	24.56	0.00000	0.00000
6088	24.56	0.00000	0.00000
6088	24.56	0.00000	0.00000
6092	24.39	0.00000	0.00000
6092	24.39	0.00000	0.00000
6097	24.68	0.00000	0.00000
6097	24.68	0.00000	0.00000
6097	24.68	0.00000	0.00000
6097	22.67	0.00000	0.00000
6102	24.56	0.00000	0.00000
6102	24.56	0.00000	0.00000
6107	22.73	0.00000	0.00000
6107	24.68	0.00000	0.00000
6107	24.68	0.00000	0.00000
6107	24.68	0.00000	0.00000
6112	24.68	0.00000	0.00000
6112	24.68	0.00000	0.00000
6116	24.73	0.00000	0.00000
6116	24.73	0.00000	0.00000
6116	24.73	0.00000	0.00000
6116	22.73	0.00000	0.00000
6121	24.62	0.00000	0.00000
6121	24.62	0.00000	0.00000
6121	24.73	0.00000	0.00000
6121	24.73	0.00000	0.00000
6121	24.73	0.00000	0.00000
6126	24.68	0.00000	0.00000
6126	22.73	0.00000	0.00000
6126	24.68	0.00000	0.00000
6126	24.68	0.00000	0.00000
6131	24.73	0.00000	0.00000
6131	24.73	0.00000	0.00000
6136	22.73	0.00000	0.00000
6136	24.56	0.00000	0.00000
6136	24.56	0.00000	0.00000
6136	24.56	0.00000	0.00000
6140	24.56	0.00000	0.00000
6140	24.56	0.00000	0.00000
6145	24.51	0.00000	0.00000
6145	24.51	0.00000	0.00000
6145	24.51	0.00000	0.00000
6145	22.67	0.00000	0.00000
6150	24.51	0.00000	0.00000
6150	24.51	0.00000	0.00000
6155	24.45	0.00000	0.00000
6155	22.67	0.00000	0.00000
6155	24.45	0.00000	0.00000
6155	24.45	0.00000	0.00000
6160	24.50	0.00000	0.00000
6160	24.50	0.00000	0.00000
6164	22.67	0.00000	0.00000
6164	24.39	0.00000	0.00000
6164	24.39	0.00000	0.00000
6164	24.39	0.00000	0.00000
6169	24.39	0.00000	0.00000
6169	24.39	0.00000	0.00000
6174	24.33	0.00000	0.00000
6174	24.33	0.00000	0.00000
6174	24.33	0.00000	0.00000
6174	22.56	0.00000	0.00000
6179	24.39	0.00000	0.00000
6179	24.39	0.00000	0.00000
6184	24.22	0.00000	0.00000
6184	24.22	0.00000	0.00000
6184	22.50	0.00000	0.00000
6184	24.22	0.00000	0.00000
6188	24.33	0.00000	0.00000
6188	24.33	0.00000	0.00000
6188	24.33	0.00000	0.00000
6188	24.33	0.00000	0.00000
6193	22.39	0.00000	0.00000
6193	24.28	0.00000	0.00000
6193	24.28	0.00000	0.00000
6193	24.28	0.00000	0.00000
6198	24.28	0.00000	0.00000
6198	24.28	0.00000	0.00000
6203	24.28	0.00000	0.00000
6203	23.65	0.00000	0.00000
6203	21.81	0.00000	0.00000
6203	23.65	0.00000	0.00000
6203	24.28	0.00000	0.00000
6203	23.65	0.00000	0.00000
6208	23.65	0.00000	0.00000
6208	23.65	0.00000	0.00000
6208	23.65	0.00000	0.00000
6208	21.81	0.00000	0.00000
6212	23.65	0.00000	0.00000
6212	23.65	0.00000	0.00000
6217	23.65	0.00000	0.00000
6217	23.65	0.00000	0.00000
6217	21.87	0.00000	0.00000
6217	23.59	0.00000	0.00000
6217	23.59	0.00000	0.00000
6217	23.59	0.00000	0.00000
6222	21.87	0.00000	0.00000
6222	23.59	0.00000	0.00000
6222	23.59	0.00000	0.00000
6222	23.59	0.00000	0.00000
6227	23.59	0.00000	0.00000
6227	23.59	0.00000	0.00000
6232	22.04	0.00000	0.00000
6232	23.82	0.00000	0.00000
6232	23.82	0.00000	0.00000
6232	23.82	0.00000	0.00000
6236	23.70	0.00000	0.00000
6236	23.70	0.00000	0.00000
6241	23.87	0.00000	0.00000
6241	23.87	0.00000	0.00000
6241	22.16	0.00000	0.00000
6241	23.87	0.00000	0.00000
6246	23.82	0.00000	0.00000
6246	23.82	0.00000	0.00000
6251	23.87	0.00000	0.00000
6251	23.87	0.00000	0.00000
6251	22.16	0.00000	0.00000
6251	23.87	0.00000	0.00000
6256	23.87	0.00000	0.00000
6256	23.87	0.00000	0.00000
6260	23.99	0.00000	0.00000
6260	22.16	0.00000	0.00000
6260	23.99	0.00000	0.00000
6260	23.99	0.00000	0.00000
6265	23.87	0.00000	0.00000
6265	23.87	0.00000	0.00000
6270	23.93	0.00000	0.00000
6270	22.16	0.00000	0.00000
6270	23.93	0.00000	0.00000
6270	23.93	0.00000	0.00000
6275	23.99	0.00000	0.00000
6275	23.99	0.00000	0.00000
6280	23.87	0.00000	0.00000
6280	23.87	0.00000	0.00000
6280	23.87	0.00000	0.00000
6280	22.21	0.00000	0.00000
6284	23.87	0.00000	0.00000
6284	23.87	0.00000	0.00000
6289	23.82	0.00000	0.00000
6289	23.82	0.00000	0.00000
6289	22.16	0.00000	0.00000
6289	23.82	0.00000	0.00000
6294	23.87	0.00000	0.00000
6294	23.87	0.00000	0.00000
6299	23.82	0.00000	0.00000
6299	22.16	0.00000	0.00000
6299	23.82	0.00000	0.00000
6299	23.82	0.00000	0.00000
6304	23.82	0.00000	0.00000
6304	23.82	0.00000	0.00000
6308	23.93	0.00000	0.00000
6308	23.93	0.00000	0.00000
6308	22.27	0.00000	0.00000
6308	23.93	0.00000	0.00000
6313	23.93	0.00000	0.00000
6313	23.93	0.00000	0.00000
6318	23.93	0.00000	0.00000
6318	23.93	0.00000	0.00000
6318	22.21	0.00000	0.00000
6318	23.93	0.00000	0.00000
6323	23.93	0.00000	0.00000
6323	23.93	0.00000	0.00000
6328	22.33	0.00000	0.00000
6328	23.99	0.00000	0.00000
6328	23.99	0.00000	0.00000
6328	23.99	0.00000	0.00000
6332	23.93	0.00000	0.00000
6332	23.93	0.00000	0.00000
6337	24.04	0.00000	0.00000
6337	24.04	0.00000	0.00000
6337	24.04	0.00000	0.00000
6337	22.33	0.00000	0.00000
6342	24.04	0.00000	0.00000
6342	24.04	0.00000	0.00000
6347	24.04	0.00000	0.00000
6347	24.04	0.00000	0.00000
6347	24.04	0.00000	0.00000
6347	22.38	0.00000	0.00000
6352	24.10	0.00000	0.00000
6352	24.10	0.00000	0.00000
6356	24.04	0.00000	0.00000
6356	24.04	0.00000	0.00000
6356	24.04	0.00000	0.00000
6356	22.33	0.00000	0.00000
6361	24.04	0.00000	0.00000
6361	24.04	0.00000	0.00000
6366	23.99	0.00000	0.00000
6366	22.21	0.00000	0.00000
6366	23.99	0.00000	0.00000
6366	23.99	0.00000	0.00000
6371	23.99	0.00000	0.00000
6371	23.99	0.00000	0.00000
6376	23.70	0.00000	0.00000
6376	22.04	0.00000	0.00000
6376	23.70	0.00000	0.00000
6376	23.70	0.00000	0.00000
6380	23.81	0.00000	0.00000
6380	23.81	0.00000	0.00000
6385	23.59	0.00000	0.00000
6385	23.59	0.00000	0.00000
6385	23.59	0.00000	0.00000
6385	21.93	0.00000	0.00000
6390	23.70	0.00000	0.00000
6390	23.70	0.00000	0.00000
6395	23.53	0.00000	0.00000
6395	23.53	0.00000	0.00000
6395	23.53	0.00000	0.00000
6395	21.93	0.00000	0.00000
6400	23.53	0.00000	0.00000
6400	23.53	0.00000	0.00000
6404	23.41	0.00000	0.00000
6404	23.41	0.00000	0.00000
6404	21.87	0.00000	0.00000
6404	23.41	0.00000	0.00000
6409	23.53	0.00000	0.00000
6409	23.53	0.00000	0.00000
6414	23.47	0.00000	0.00000
6414	23.47	0.00000	0.00000
6414	21.75	0.00000	0.00000
6414	23.47	0.00000	0.00000
6419	23.41	0.00000	0.00000
6419	23.41	0.00000	0.00000
6424	23.41	0.00000	0.00000
6424	23.41	0.00000	0.00000
6424	21.70	0.00000	0.00000
6424	23.41	0.00000	0.00000
6424	21.70	0.00000	0.00000
6428	23.41	0.00000	0.00000
6428	23.41	0.00000	0.00000
6433	23.24	0.00000	0.00000
6433	21.75	0.00000	0.00000
6433	23.24	0.00000	0.00000
6433	23.24	0.00000	0.00000
6438	23.24	0.00000	0.00000
6438	23.24	0.00000	0.00000
6438	23.24	0.00000	0.00000
6438	23.36	0.00000	0.00000
6438	23.36	0.00000	0.00000
6443	23.13	0.00000	0.00000
6443	23.13	0.00000	0.00000
6443	21.70	0.00000	0.00000
6443	23.13	0.00000	0.00000
6448	23.36	0.00000	0.00000
6448	23.36	0.00000	0.00000
6448	23.36	0.00000	0.00000
6448	23.24	0.00000	0.00000
6448	23.24	0.00000	0.00000
6448	23.24	0.00000	0.00000
6448	23.24	0.00000	0.00000
6452	21.81	0.00000	0.00000
6452	23.36	0.00000	0.00000
6452	23.36	0.00000	0.00000
6452	23.36	0.00000	0.00000
6457	23.36	0.00000	0.00000
6457	23.36	0.00000	0.00000
6462	22.21	0.00000	0.00000
6462	23.64	0.00000	0.00000
6462	23.64	0.00000	0.00000
6462	23.64	0.00000	0.00000
6467	22.21	0.00000	0.00000
6467	23.53	0.00000	0.00000
6467	23.53	0.00000	0.00000
6472	23.76	0.00000	0.00000
6472	23.76	0.00000	0.00000
6472	23.76	0.00000	0.00000
6476	23.64	0.00000	0.00000
6476	22.78	0.00000	0.00000
6476	23.64	0.00000	0.00000
6481	23.87	0.00000	0.00000
6481	22.78	0.00000	0.00000
6481	23.87	0.00000	0.00000
6481	23.87	0.00000	0.00000
6486	23.87	0.00000	0.00000
6486	23.87	0.00000	0.00000
6491	24.90	0.00000	0.00000
6491	24.90	0.00000	0.00000
6491	24.90	0.00000	0.00000
6491	24.90	0.00000	0.00000
6491	23.87	0.00000	0.00000
6491	24.90	0.00000	0.00000
6491	24.90	0.00000	0.00000
6491	24.90	0.00000	0.00000
6491	23.87	0.00000	0.00000
6496	24.90	0.00000	0.00000
6496	24.90	0.00000	0.00000
6496	24.90	0.00000	0.00000
6496	24.90	0.00000	0.00000
6500	24.90	0.00000	0.00000
6500	24.90	0.00000	0.00000
6505	30.97	0.00000	0.00000
6505	30.97	0.00000	0.00000
6505	24.90	0.00000	0.00000
6505	26.73	0.00000	0.00000
6505	30.97	0.00000	0.00000
6505	30.97	0.00000	0.00000
6505	24.90	0.00000	0.00000
6505	29.59	0.00000	0.00000
6510	27.30	0.00000	0.00000
6510	30.97	0.00000	0.00000
6510	30.97	0.00000	0.00000
6510	30.97	0.00000	0.00000
6510	29.14	0.00000	0.00000
6510	34.52	0.00000	0.00000
6510	30.97	0.00000	0.00000
6515	30.97	0.00000	0.00000
6515	31.94	0.00000	0.00000
6515	30.97	0.00000	0.00000
6520	33.26	0.00000	0.00000
6520	30.97	0.00000	0.00000
6520	33.26	0.00000	0.00000
6520	30.97	0.00000	0.00000
6520	33.26	0.00000	0.00000
6520	33.26	0.00000	0.00000
6524	33.26	0.00000	0.00000
6524	33.26	0.00000	0.00000
6524	33.26	0.00000	0.00000
6524	33.26	0.00000	0.00000
6529	33.26	0.00000	0.00000
6529	30.91	0.00000	0.00000
6529	30.91	0.00000	0.00000
6529	30.91	0.00000	0.00000
6529	33.26	0.00000	0.00000
6529	33.26	0.00000	0.00000
6529	30.91	0.00000	0.00000
6529	33.26	0.00000	0.00000
6534	28.33	0.00000	0.00000
6534	28.33	0.00000	0.00000
6534	28.33	0.00000	0.00000
6534	33.26	0.00000	0.00000
6534	34.52	0.00000	0.00000
6534	33.26	0.00000	0.00000
6534	28.33	0.00000	0.00000
6539	28.33	0.00000	0.00000
6539	28.33	0.00000	0.00000
6539	28.33	0.00000	0.00000
6539	28.33	0.00000	0.00000
6544	28.33	0.00000	0.00000
6544	29.14	0.00000	0.00000
6544	29.76	0.00000	0.00000
6544	28.33	0.00000	0.00000
6544	30.11	0.00000	0.00000
6544	25.70	0.00000	0.00000
6544	31.88	0.00000	0.00000
6544	26.67	0.00000	0.00000
6548	22.38	0.00000	0.00000
6548	28.33	0.00000	0.00000
6548	22.38	0.00000	0.00000
6548	22.38	0.00000	0.00000
6548	23.12	0.00000	0.00000
6548	22.38	0.00000	0.00000
6548	28.33	0.00000	0.00000
6553	22.38	0.00000	0.00000
6553	22.38	0.00000	0.00000
6553	22.38	0.00000	0.00000
6553	22.38	0.00000	0.00000
6558	24.33	0.00000	0.00000
6558	24.33	0.00000	0.00000
6563	21.75	0.00000	0.00000
6563	24.33	0.00000	0.00000
6563	21.75	0.00000	0.00000
6563	21.75	0.00000	0.00000
6563	21.75	0.00000	0.00000
6563	24.33	0.00000	0.00000
6572	23.35	0.00000	0.00000
6572	21.64	0.00000	0.00000
6572	21.64	0.00000	0.00000
6572	21.64	0.00000	0.00000
6572	23.35	0.00000	0.00000
6572	21.64	0.00000	0.00000
6577	21.64	0.00000	0.00000
6577	21.64	0.00000	0.00000
6577	21.64	0.00000	0.00000
6577	21.64	0.00000	0.00000
6582	21.64	0.00000	0.00000
6582	21.64	0.00000	0.00000
6582	23.18	0.00000	0.00000
6582	23.18	0.00000	0.00000
6582	21.64	0.00000	0.00000
6582	21.64	0.00000	0.00000
6592	21.64	0.00000	0.00000
6592	21.64	0.00000	0.00000
6592	21.64	0.00000	0.00000
6592	23.07	0.00000	0.00000
6592	23.07	0.00000	0.00000
6592	21.64	0.00000	0.00000
6592	23.07	0.00000	0.00000
6592	23.07	0.00000	0.00000
6601	21.69	0.00000	0.00000
6601	23.18	0.00000	0.00000
6601	21.69	0.00000	0.00000
6601	23.18	0.00000	0.00000
6601	21.69	0.00000	0.00000
6601	21.69	0.00000	0.00000
6611	23.18	0.00000	0.00000
6611	21.75	0.00000	0.00000
6611	21.75	0.00000	0.00000
6611	21.75	0.00000	0.00000
6611	21.75	0.00000	0.00000
6611	23.18	0.00000	0.00000
6620	22.09	0.00000	0.00000
6620	22.09	0.00000	0.00000
6620	23.18	0.00000	0.00000
6620	22.09	0.00000	0.00000
6620	23.18	0.00000	0.00000
6620	22.09	0.00000	0.00000
6625	22.09	0.00000	0.00000
6625	22.09	0.00000	0.00000
6625	22.09	0.00000	0.00000
6625	22.09	0.00000	0.00000
6630	23.30	0.00000	0.00000
6630	23.30	0.00000	0.00000
6635	23.52	0.00000	0.00000
6635	23.30	0.00000	0.00000
6635	23.30	0.00000	0.00000
6635	23.52	0.00000	0.00000
6635	23.52	0.00000	0.00000
6635	23.52	0.00000	0.00000
6640	23.52	0.00000	0.00000
6640	23.52	0.00000	0.00000
6640	23.52	0.00000	0.00000
6640	23.52	0.00000	0.00000
6640	23.52	0.00000	0.00000
6640	23.52	0.00000	0.00000
6640	23.52	0.00000	0.00000
6640	23.52	0.00000	0.00000
6644	23.52	0.00000	0.00000
6644	23.52	0.00000	0.00000
6649	22.89	0.00000	0.00000
6649	22.89	0.00000	0.00000
6649	22.89	0.00000	0.00000
6649	23.52	0.00000	0.00000
6649	22.89	0.00000	0.00000
6649	23.52	0.00000	0.00000
6654	22.89	0.00000	0.00000
6654	22.89	0.00000	0.00000
6654	22.89	0.00000	0.00000
6654	22.89	0.00000	0.00000
6659	24.27	0.00000	0.00000
6659	24.27	0.00000	0.00000
6659	22.89	0.00000	0.00000
6664	22.89	0.00000	0.00000
6664	24.27	0.00000	0.00000
6664	22.21	0.00000	0.00000
6664	22.21	0.00000	0.00000
6664	22.21	0.00000	0.00000
6664	22.21	0.00000	0.00000
6668	22.21	0.00000	0.00000
6668	22.21	0.00000	0.00000
6668	22.21	0.00000	0.00000
6668	22.21	0.00000	0.00000
6673	22.21	0.00000	0.00000
6673	23.75	0.00000	0.00000
6678	21.98	0.00000	0.00000
6678	21.98	0.00000	0.00000
6678	23.75	0.00000	0.00000
6678	21.98	0.00000	0.00000
6678	21.98	0.00000	0.00000
6683	21.98	0.00000	0.00000
6688	21.86	0.00000	0.00000
6688	21.86	0.00000	0.00000
6688	23.24	0.00000	0.00000
6688	21.86	0.00000	0.00000
6688	21.86	0.00000	0.00000
6692	21.98	0.00000	0.00000
6697	21.81	0.00000	0.00000
6697	23.18	0.00000	0.00000
6697	21.81	0.00000	0.00000
6697	21.81	0.00000	0.00000
6697	21.81	0.00000	0.00000
6702	21.81	0.00000	0.00000
6707	21.81	0.00000	0.00000
6707	21.81	0.00000	0.00000
6707	21.81	0.00000	0.00000
6707	21.81	0.00000	0.00000
6707	23.18	0.00000	0.00000
6712	21.81	0.00000	0.00000
6716	21.81	0.00000	0.00000
6716	21.81	0.00000	0.00000
6716	21.81	0.00000	0.00000
6716	21.81	0.00000	0.00000
6716	23.07	0.00000	0.00000
6721	23.07	0.00000	0.00000
6721	21.81	0.00000	0.00000
6726	21.81	0.00000	0.00000
6726	23.01	0.00000	0.00000
6726	21.81	0.00000	0.00000
6726	21.81	0.00000	0.00000
6726	21.81	0.00000	0.00000
6731	21.81	0.00000	0.00000
6736	23.12	0.00000	0.00000
6736	21.81	0.00000	0.00000
6736	21.81	0.00000	0.00000
6736	21.81	0.00000	0.00000
6736	21.81	0.00000	0.00000
6740	21.81	0.00000	0.00000
6745	23.12	0.00000	0.00000
6745	21.86	0.00000	0.00000
6745	21.86	0.00000	0.00000
6745	21.86	0.00000	0.00000
6745	21.86	0.00000	0.00000
6750	21.81	0.00000	0.00000
6755	21.92	0.00000	0.00000
6755	23.24	0.00000	0.00000
6755	21.92	0.00000	0.00000
6755	21.92	0.00000	0.00000
6755	21.92	0.00000	0.00000
6760	21.92	0.00000	0.00000
6764	21.98	0.00000	0.00000
6764	23.18	0.00000	0.00000
6764	21.98	0.00000	0.00000
6764	23.18	0.00000	0.00000
6764	21.98	0.00000	0.00000
6764	21.98	0.00000	0.00000
6764	21.98	0.00000	0.00000
6764	21.98	0.00000	0.00000
6764	21.98	0.00000	0.00000
6764	21.98	0.00000	0.00000
6769	21.98	0.00000	0.00000
6774	23.18	0.00000	0.00000
6774	21.98	0.00000	0.00000
6774	21.98	0.00000	0.00000
6774	21.98	0.00000	0.00000
6774	21.98	0.00000	0.00000
6779	21.98	0.00000	0.00000
6784	21.92	0.00000	0.00000
6784	21.92	0.00000	0.00000
6784	21.92	0.00000	0.00000
6784	23.18	0.00000	0.00000
6784	21.92	0.00000	0.00000
6788	21.92	0.00000	0.00000
6793	21.80	0.00000	0.00000
6793	21.80	0.00000	0.00000
6793	21.80	0.00000	0.00000
6793	21.80	0.00000	0.00000
6793	23.01	0.00000	0.00000
6798	21.86	0.00000	0.00000
6803	21.80	0.00000	0.00000
6803	23.01	0.00000	0.00000
6803	21.80	0.00000	0.00000
6803	21.80	0.00000	0.00000
6803	21.80	0.00000	0.00000
6808	21.80	0.00000	0.00000
6812	21.75	0.00000	0.00000
6812	21.75	0.00000	0.00000
6812	22.95	0.00000	0.00000
6812	21.75	0.00000	0.00000
6812	21.75	0.00000	0.00000
6817	21.75	0.00000	0.00000
6822	21.46	0.00000	0.00000
6822	22.61	0.00000	0.00000
6822	21.46	0.00000	0.00000
6822	21.46	0.00000	0.00000
6822	21.46	0.00000	0.00000
6827	21.58	0.00000	0.00000
6832	21.35	0.00000	0.00000
6832	21.35	0.00000	0.00000
6832	21.35	0.00000	0.00000
6832	22.49	0.00000	0.00000
6832	21.35	0.00000	0.00000
6836	21.46	0.00000	0.00000
6836	21.52	0.00000	0.00000
6836	21.46	0.00000	0.00000
6836	21.52	0.00000	0.00000
6836	21.52	0.00000	0.00000
6836	21.52	0.00000	0.00000
6836	21.52	0.00000	0.00000
6841	21.52	0.00000	0.00000
6846	19.74	0.00000	0.00000
6846	19.74	0.00000	0.00000
6846	21.52	0.00000	0.00000
6846	19.74	0.00000	0.00000
6846	19.74	0.00000	0.00000
6851	21.52	0.00000	0.00000
6851	18.20	0.00000	0.00000
6851	18.94	0.00000	0.00000
6851	18.20	0.00000	0.00000
6851	20.54	0.00000	0.00000
6851	18.20	0.00000	0.00000
6851	18.20	0.00000	0.00000
6851	18.20	0.00000	0.00000
6856	18.20	0.00000	0.00000
6856	18.20	0.00000	0.00000
6856	18.20	0.00000	0.00000
6856	18.20	0.00000	0.00000
6856	18.20	0.00000	0.00000
6856	18.20	0.00000	0.00000
6856	18.20	0.00000	0.00000
6856	17.34	0.00000	0.00000
6856	16.25	0.00000	0.00000
6856	18.20	0.00000	0.00000
6856	19.74	0.00000	0.00000
6856	18.20	0.00000	0.00000
6856	18.20	0.00000	0.00000
6860	18.20	0.00000	0.00000
6865	19.57	0.00000	0.00000
6865	19.57	0.00000	0.00000
6865	19.57	0.00000	0.00000
6865	19.57	0.00000	0.00000
6865	19.57	0.00000	0.00000
6865	18.20	0.00000	0.00000
6870	19.57	0.00000	0.00000
6870	19.57	0.00000	0.00000
6870	19.57	0.00000	0.00000
6870	19.57	0.00000	0.00000
6870	19.57	0.00000	0.00000
6875	19.57	0.00000	0.00000
6880	19.11	0.00000	0.00000
6880	19.11	0.00000	0.00000
6880	19.11	0.00000	0.00000
6880	19.11	0.00000	0.00000
6880	19.11	0.00000	0.00000
6880	19.11	0.00000	0.00000
6880	19.57	0.00000	0.00000
6880	19.11	0.00000	0.00000
6880	19.11	0.00000	0.00000
6880	19.11	0.00000	0.00000
6880	19.11	0.00000	0.00000
6889	19.51	0.00000	0.00000
6889	20.14	0.00000	0.00000
6889	19.51	0.00000	0.00000
6889	19.51	0.00000	0.00000
6889	19.51	0.00000	0.00000
6889	19.51	0.00000	0.00000
6894	20.14	0.00000	0.00000
6899	19.91	0.00000	0.00000
6899	19.91	0.00000	0.00000
6899	19.91	0.00000	0.00000
6899	19.91	0.00000	0.00000
6899	19.91	0.00000	0.00000
6904	20.94	0.00000	0.00000
6908	20.60	0.00000	0.00000
6908	20.60	0.00000	0.00000
6908	20.60	0.00000	0.00000
6908	20.60	0.00000	0.00000
6908	20.94	0.00000	0.00000
6908	20.60	0.00000	0.00000
6913	20.60	0.00000	0.00000
6913	20.60	0.00000	0.00000
6913	20.60	0.00000	0.00000
6913	20.60	0.00000	0.00000
6913	20.60	0.00000	0.00000
6918	21.69	0.00000	0.00000
6923	20.89	0.00000	0.00000
6923	20.89	0.00000	0.00000
6923	20.89	0.00000	0.00000
6923	20.89	0.00000	0.00000
6923	21.69	0.00000	0.00000
6923	20.89	0.00000	0.00000
6932	21.06	0.00000	0.00000
6932	22.03	0.00000	0.00000
6932	21.06	0.00000	0.00000
6932	21.06	0.00000	0.00000
6932	21.06	0.00000	0.00000
6932	21.06	0.00000	0.00000
6942	21.29	0.00000	0.00000
6942	21.29	0.00000	0.00000
6942	21.29	0.00000	0.00000
6942	21.29	0.00000	0.00000
6942	21.29	0.00000	0.00000
6942	22.20	0.00000	0.00000
6952	21.80	0.00000	0.00000
6952	22.43	0.00000	0.00000
6952	21.80	0.00000	0.00000
6952	21.80	0.00000	0.00000
6952	21.80	0.00000	0.00000
6952	22.43	0.00000	0.00000
6952	21.80	0.00000	0.00000
6956	22.55	0.00000	0.00000
6956	21.80	0.00000	0.00000
6956	21.80	0.00000	0.00000
6956	21.80	0.00000	0.00000
6956	21.80	0.00000	0.00000
6956	21.80	0.00000	0.00000
6961	22.03	0.00000	0.00000
6961	23.12	0.00000	0.00000
6961	22.03	0.00000	0.00000
6961	22.03	0.00000	0.00000
6961	22.03	0.00000	0.00000
6961	22.03	0.00000	0.00000

